name,unit,outage_status,capacity,day prog,day gen,month cumm prog,month cumm gen,coal stock,cap under outage,outage_day_time,expected_resync,remarks,datetime
I.P.CCPP,,,270.0,1.06,0.82,177.77999999999994,151.68,,150.0,,,,2025-09-13
PRAGATI CCGT-III,,,1500.0,11.67,0.0,2036.71,1025.17,,0.0,,,,2025-09-13
PRAGATI CCPP,,,330.4,3.93,3.55,694.0900000000005,659.55,,0.0,,,,2025-09-13
RITHALA CCPP,,,0.0,0.0,0.0,0.0,0.0,,0.0,,,,2025-09-13
PANIPAT TPS,,,710.0,13.63,14.64,2196.19,1663.91,62.0,0.0,,,,2025-09-13
PANIPAT TPS,Unit 6, ,210.0,3.27,4.51,576.5099999999998,464.21,,0.0,,,,2025-09-13
PANIPAT TPS,Unit 7, ,250.0,5.13,5.06,864.6899999999999,619.98,,0.0,,,,2025-09-13
PANIPAT TPS,Unit 8, ,250.0,5.23,5.07,754.9900000000002,579.72,,0.0,,,,2025-09-13
RAJIV GANDHI TPS,,,1200.0,18.36,10.06,3229.6799999999985,2313.57,51.0,600.0,,,,2025-09-13
RAJIV GANDHI TPS,Unit 1, ,600.0,8.83,10.06,1552.789999999999,839.86,,0.0,,,,2025-09-13
RAJIV GANDHI TPS,Unit 2,S,600.0,9.53,0.0,1676.8899999999996,1473.71,,600.0,45912.89097222222,,DRUM LEVEL LOW,2025-09-13
YAMUNA NAGAR TPS,,,600.0,12.0,10.24,2077.000000000001,1682.19,43.0,0.0,,,,2025-09-13
YAMUNA NAGAR TPS,Unit 1, ,300.0,5.6,5.11,1004.8000000000003,832.01,,0.0,,,,2025-09-13
YAMUNA NAGAR TPS,Unit 2, ,300.0,6.4,5.13,1072.2000000000005,850.18,,0.0,,,,2025-09-13
MAHATMA GANDHI TPS,,,1320.0,21.66,23.939999999999998,3825.579999999998,3689.62,22.0,0.0,,,,2025-09-13
MAHATMA GANDHI TPS,Unit 1, ,660.0,10.83,12.03,1912.789999999999,1821.18,,0.0,,,,2025-09-13
MAHATMA GANDHI TPS,Unit 2, ,660.0,10.83,11.91,1912.789999999999,1868.44,,0.0,,,,2025-09-13
INDIRA GANDHI STPP,,,1500.0,24.59,23.439999999999998,4344.669999999999,3510.62,38.0,0.0,,,,2025-09-13
INDIRA GANDHI STPP,Unit 1, ,500.0,7.83,7.8,1388.789999999999,1100.66,,0.0,,,,2025-09-13
INDIRA GANDHI STPP,Unit 2, ,500.0,8.33,7.83,1468.289999999999,1078.66,,0.0,,,,2025-09-13
INDIRA GANDHI STPP,Unit 3, ,500.0,8.43,7.81,1487.5900000000008,1331.3,,0.0,,,,2025-09-13
FARIDABAD CCPP,,,431.59,0.6000000000000001,0.4,101.80000000000007,141.32999999999998,,431.59,,,,2025-09-13
BASSI  HPS,,,66.0,1.17,1.42,223.20999999999984,201.41,,0.0,,,,2025-09-13
GIRI BATA HPS,,,60.0,1.07,0.77,109.90999999999991,96.39,,30.0,,,,2025-09-13
KASHANG INTEGRATED HEP,,,195.0,0.87,0.07,155.31000000000006,186.96000000000004,,0.0,,,,2025-09-13
LARJI  HPS,,,126.0,3.13,2.9299999999999997,417.68999999999994,323.89,,42.0,,,,2025-09-13
SAINJ HPS,,,100.0,1.93,0.0,298.0900000000001,109.5,,0.0,,,,2025-09-13
SANJAY HPS,,,120.0,2.23,2.83,361.99000000000024,339.2,,0.0,,,,2025-09-13
SAWRA KUDDU HPS,,,111.0,1.57,2.67,202.4099999999999,219.0,,0.0,,,,2025-09-13
SHANAN HPS,,,110.0,1.5,2.19,339.5,328.13,,110.0,,,,2025-09-13
UHL-III HPS,,,99.99,1.83,1.67,298.7899999999998,220.16,,0.0,,,,2025-09-13
ALLAIN DUHANGAN  HPS,,,192.0,2.5,0.0,489.5,441.78,,192.0,,,,2025-09-13
BAJOLI HOLI HPS,,,180.0,3.0,2.42,592.0,528.87,,60.0,,,,2025-09-13
BASPA  HPS,,,300.0,6.9,7.199999999999999,923.6999999999997,963.0,,0.0,,,,2025-09-13
BUDHIL HPS,,,70.0,1.23,0.91,204.98999999999987,200.70000000000002,,0.0,,,,2025-09-13
CHANJU-I HPS ,,,36.0,0.6,0.8999999999999999,106.79999999999993,111.61,,0.0,,,,2025-09-13
KARCHAM WANGTOO HPS,,,1045.0,19.93,25.169999999999998,3061.089999999998,3367.5,,0.0,,,,2025-09-13
KUTEHR HPS,,,240.0,3.53,5.14,421.88999999999965,138.45,,0.0,,,,2025-09-13
MALANA  HPS,,,86.0,1.53,0.0,242.89000000000001,213.89,,0.0,,,,2025-09-13
MALANA-II  HPS,,,100.0,1.6,0.0,269.8000000000002,0.0,,50.0,,,,2025-09-13
SORANG HPS,,,100.0,1.83,1.59,268.78999999999996,284.61,,0.0,,,,2025-09-13
TIDONG HPS,,,0.0,0.0,0.0,0.0,0.0,,0.0,,,,2025-09-13
BAIRA SIUL  HPS,,,180.0,2.23,3.61,499.99000000000024,426.97,,60.0,,,,2025-09-13
BHAKRA LEFT HPS,,,630.0,7.43,12.149999999999999,1000.5899999999993,1255.09,,126.0,,,,2025-09-13
BHAKRA RIGHT HPS,,,785.0,9.23,19.07,1245.9900000000002,1653.6399999999999,,0.0,,,,2025-09-13
CHAMERA-I HPS,,,540.0,7.13,6.800000000000001,1592.6900000000014,1568.05,,180.0,,,,2025-09-13
CHAMERA-II HPS,,,300.0,5.5,4.8100000000000005,912.5,926.4699999999999,,200.0,,,,2025-09-13
CHAMERA-III HPS,,,231.0,3.83,1.87,726.7900000000005,678.0,,231.0,,,,2025-09-13
DEHAR HPS,,,990.0,13.33,8.89,1853.289999999999,1631.04,,0.0,,,,2025-09-13
KOLDAM,,,800.0,12.0,20.94,2335.0,2604.7599999999998,,0.0,,,,2025-09-13
NATHPA JHAKRI HPS,,,1500.0,33.17,35.9,4750.210000000001,5135.120000000001,,500.0,,,,2025-09-13
PARBATI-II HPS,,,800.0,11.1,0.0,1837.2999999999988,1169.92,,800.0,,,,2025-09-13
PARBATI-III HPS,,,520.0,7.1,3.0300000000000002,1190.2999999999988,847.24,,520.0,,,,2025-09-13
PONG HPS,,,396.0,4.33,8.709999999999999,426.2899999999998,755.5999999999999,,0.0,,,,2025-09-13
RAMPUR HPS,,,412.02000000000004,9.43,10.010000000000002,1349.5900000000008,1431.26,,137.34,,,,2025-09-13
PAMPORE GPS (Liq.),,,0.0,0.0,0.0,0.0,0.0,,0.0,,,,2025-09-13
BAGLIHAR  HPS,,,450.0,9.5,10.8,1554.5,1603.0,,0.0,,,,2025-09-13
BAGLIHAR II  HPS,,,450.0,3.27,9.209999999999999,1394.5099999999998,1319.24,,150.0,,,,2025-09-13
LOWER JHELUM  HPS,,,105.0,1.83,1.7000000000000002,317.7899999999998,290.16999999999996,,35.0,,,,2025-09-13
UPPER SINDH-II HPS,,,105.0,0.47,0.76,114.10999999999999,46.64,,0.0,,,,2025-09-13
DULHASTI  HPS,,,390.0,9.07,3.18,1323.9099999999992,1285.81,,260.0,,,,2025-09-13
KISHANGANGA HPS,,,330.0,3.83,4.5,880.7900000000005,1197.77,,220.0,,,,2025-09-13
SALAL HPS,,,690.0,15.43,17.049999999999997,2431.589999999998,2222.13,,115.0,,,,2025-09-13
SEWA-II HPS,,,120.0,0.83,3.05,344.7899999999998,284.34,,40.0,,,,2025-09-13
URI-I HPS,,,480.0,7.07,8.19,1734.9099999999992,1525.0,,0.0,,,,2025-09-13
URI-II HPS,,,240.0,4.03,5.66,903.3899999999996,875.49,,60.0,,,,2025-09-13
CHUTAK HPS,,,44.0,0.87,0.96,134.31000000000006,149.26,,44.0,,,,2025-09-13
NIMMO BAZGO HPS,,,45.0,0.97,0.97,118.60999999999999,135.53,,45.0,,,,2025-09-13
GH TPS (LEH.MOH.),,,920.0,12.54,17.27,2176.0199999999995,2743.97,33.0,0.0,,,,2025-09-13
GH TPS (LEH.MOH.),Unit 1, ,210.0,4.3,4.27,727.8999999999994,595.06,,0.0,,,,2025-09-13
GH TPS (LEH.MOH.),Unit 2,*,210.0,0.0,3.12,0.0,608.73,,0.0,45913.42569444444,13/09/2025 16:08:00,P.A. FANS PROBLEM,2025-09-13
GH TPS (LEH.MOH.),Unit 3, ,250.0,3.97,4.93,700.6100000000004,780.37,,0.0,,,,2025-09-13
GH TPS (LEH.MOH.),Unit 4, ,250.0,4.27,4.95,747.5099999999998,759.81,,0.0,,,,2025-09-13
GOINDWAL SAHIB TPP,,,540.0,8.66,2.52,1518.580000000001,1291.25,35.0,540.0,,,,2025-09-13
GOINDWAL SAHIB TPP,Unit 1,S,270.0,4.33,1.53,759.2900000000005,731.46,,270.0,45913.48263888889,,GENERATOR PROTECTION RELAY OPERATION PROBLEM,2025-09-13
GOINDWAL SAHIB TPP,Unit 2,S,270.0,4.33,0.99,759.2900000000005,559.79,,270.0,45913.25,,GENERATOR PROTECTION RELAY OPERATION PROBLEM,2025-09-13
ROPAR TPS,,,840.0,12.54,11.540000000000001,2202.0199999999995,2033.7600000000002,43.0,210.0,,,,2025-09-13
ROPAR TPS,Unit 3, ,210.0,3.27,3.77,571.5099999999998,533.0,,0.0,,,,2025-09-13
ROPAR TPS,Unit 4, ,210.0,3.0,3.87,528.0,445.66,,0.0,,,,2025-09-13
ROPAR TPS,Unit 5, ,210.0,3.27,3.9,574.5099999999998,502.42,,0.0,,,,2025-09-13
ROPAR TPS,Unit 6,S,210.0,3.0,0.0,528.0,552.68,,210.0,45911.61944444444,,GEN. COOLING SYSTEM MISC. / INSPECTION,2025-09-13
ANANDPUR SAHIB-I HPS ,,,67.0,1.17,1.38,150.20999999999984,174.26,,0.0,,,,2025-09-13
ANANDPUR SAHIB-II HPS ,,,67.0,1.17,1.3199999999999998,150.20999999999984,177.64,,0.0,,,,2025-09-13
MUKERIAN-I HPS,,,45.0,0.8,4.25,84.39999999999996,212.51,,0.0,,,,2025-09-13
MUKERIAN-II HPS,,,45.0,0.8,0.0,84.39999999999996,62.64,,0.0,,,,2025-09-13
MUKERIAN-III HPS,,,58.5,1.07,0.0,109.90999999999991,80.81,,0.0,,,,2025-09-13
MUKERIAN-IV HPS,,,58.5,1.07,0.0,109.90999999999991,80.05,,0.0,,,,2025-09-13
RANJIT SAGAR HPS,,,600.0,5.67,10.35,813.7099999999995,877.27,,0.0,,,,2025-09-13
SHAHPURKUNDI HPS,,,,0.0,0.0,0.0,0.0,,0.0,,,,2025-09-13
RAJPURA TPP,,,1400.0,30.46,30.07,5048.9800000000005,4677.32,16.0,0.0,,,,2025-09-13
RAJPURA TPP,Unit 1, ,700.0,15.23,14.98,2523.9900000000002,2349.13,,0.0,,,,2025-09-13
RAJPURA TPP,Unit 2, ,700.0,15.23,15.09,2524.9900000000002,2328.19,,0.0,,,,2025-09-13
TALWANDI SABO TPP,,,1980.0,36.730000000000004,34.57,6401.489999999998,5344.85,22.0,0.0,,,,2025-09-13
TALWANDI SABO TPP,Unit 1, ,660.0,12.33,11.72,2218.289999999999,1629.39,,0.0,,,,2025-09-13
TALWANDI SABO TPP,Unit 2, ,660.0,10.97,11.59,1932.6100000000004,1787.34,,0.0,,,,2025-09-13
TALWANDI SABO TPP,Unit 3, ,660.0,13.43,11.26,2250.589999999998,1928.12,,0.0,,,,2025-09-13
GANGUWAL  HPS,,,77.65,1.4,1.24,226.20000000000007,255.25,,0.0,,,,2025-09-13
KOTLA  HPS,,,77.65,1.4,1.25,226.20000000000007,258.64,,0.0,,,,2025-09-13
RAJASTHAN,,,,,,,,,,,,,2025-09-13
CHHABRA-II TPP,,,1320.0,12.27,24.75,3453.5099999999998,2948.1899999999996,30.0,0.0,,,,2025-09-13
CHHABRA-II TPP,Unit 5, ,660.0,12.27,11.97,1630.5099999999998,1712.61,,0.0,,,,2025-09-13
CHHABRA-II TPP,Unit 6, ,660.0,0.0,12.78,1823.0,1235.58,,0.0,,,,2025-09-13
CHHABRA-I PH-1 TPP,,,500.0,10.14,4.67,1461.8200000000013,1148.53,46.0,250.0,,,,2025-09-13
CHHABRA-I PH-1 TPP,Unit 1, ,250.0,5.07,4.67,704.9100000000007,535.01,,0.0,,,,2025-09-13
CHHABRA-I PH-1 TPP,Unit 2,P,250.0,5.07,0.0,756.9100000000007,613.52,,250.0,45884.290972222225,,SCHEDULED ANNUAL MAINTENANCE,2025-09-13
CHHABRA-I PH-2 TPP,,,500.0,5.13,9.35,1419.69,1573.4,48.0,0.0,,,,2025-09-13
CHHABRA-I PH-2 TPP,Unit 3, ,250.0,0.0,4.76,796.0,806.02,,0.0,,,,2025-09-13
CHHABRA-I PH-2 TPP,Unit 4, ,250.0,5.13,4.59,623.6899999999999,767.38,,0.0,,,,2025-09-13
GIRAL TPS,,,250.0,0.0,0.0,0.0,0.0,,250.0,,,,2025-09-13
GIRAL TPS,Unit 1,P,125.0,0.0,0.0,0.0,0.0,,125.0,41831.34722222222,,UNIT LIKELY TO BE SCRAPPED.,2025-09-13
GIRAL TPS,Unit 2,P,125.0,0.0,0.0,0.0,0.0,,125.0,42396.64375,,UNIT LIKELY TO BE SCRAPPED.,2025-09-13
KALISINDH TPS,,,1200.0,20.869999999999997,5.61,3573.3099999999986,2728.37,30.0,1200.0,,,,2025-09-13
KALISINDH TPS,Unit 1,S,600.0,10.5,5.61,1880.5,1598.21,,600.0,45913.48125,,DRUM LEVEL LOW,2025-09-13
KALISINDH TPS,Unit 2,S,600.0,10.37,0.0,1692.8099999999986,1130.16,,600.0,45911.84097222222,,TUBE LKG. AT LOW TEMP. SUPERHEATER ZONE,2025-09-13
KOTA TPS,,,1240.0,20.14,21.47,3924.1799999999994,3057.72,40.0,0.0,,,,2025-09-13
KOTA TPS,Unit 1, ,110.0,1.9,1.6,337.6999999999997,243.24,,0.0,,,,2025-09-13
KOTA TPS,Unit 2,*,110.0,1.93,1.04,351.0900000000001,232.86,,0.0,45911.48263888889,13/09/2025 08:51:00,BOILER MISC. PROBLEM,2025-09-13
KOTA TPS,Unit 3, ,210.0,4.23,3.63,620.9900000000002,544.04,,0.0,,,,2025-09-13
KOTA TPS,Unit 4, ,210.0,3.88,3.64,526.16,468.86,,0.0,,,,2025-09-13
KOTA TPS,Unit 5, ,210.0,0.0,3.85,703.6400000000003,553.6,,0.0,,,,2025-09-13
KOTA TPS,Unit 6, ,195.0,4.17,3.85,707.2099999999995,396.73,,0.0,,,,2025-09-13
KOTA TPS,Unit 7, ,195.0,4.03,3.86,677.3899999999996,618.39,,0.0,,,,2025-09-13
SURATGARH STPS,,,1320.0,22.700000000000003,23.93,3418.1000000000004,2862.91,54.0,0.0,,,,2025-09-13
SURATGARH STPS,Unit 7, ,660.0,11.9,11.97,1510.7000000000012,1351.69,,0.0,,,,2025-09-13
SURATGARH STPS,Unit 8, ,660.0,10.8,11.96,1907.3999999999994,1511.22,,0.0,,,,2025-09-13
SURATGARH TPS,,,1500.0,18.87,17.44,3577.419999999999,2217.2400000000002,37.0,500.0,,,,2025-09-13
SURATGARH TPS,Unit 1, ,250.0,3.93,4.35,694.0899999999993,467.31,,0.0,,,,2025-09-13
SURATGARH TPS,Unit 2, ,250.0,3.93,4.4,612.0899999999993,616.79,,0.0,,,,2025-09-13
SURATGARH TPS,Unit 3,L,250.0,3.64,0.0,567.1199999999999,0.0,,250.0,45624.575,,FUEL SUPPLY & OTHER MISC. PROBLEMS,2025-09-13
SURATGARH TPS,Unit 4, ,250.0,3.67,4.39,566.7099999999995,446.15,,0.0,,,,2025-09-13
SURATGARH TPS,Unit 5, ,250.0,0.0,4.3,575.3100000000003,416.95,,0.0,,,,2025-09-13
SURATGARH TPS,Unit 6,L,250.0,3.7,0.0,562.1000000000006,270.04,,250.0,45863.50625,,TURBINE VIBRATION HIGH,2025-09-13
DHOLPUR CCPP,,,330.0,0.30000000000000004,0.0,67.9,5.3100000000000005,,330.0,,,,2025-09-13
RAMGARH CCPP,,,273.5,1.6600000000000001,1.9,345.5799999999999,271.44,,53.0,,,,2025-09-13
JAWAHAR SAGAR  HPS,,,99.0,0.2,0.95,13.59999999999999,116.05,,0.0,,,,2025-09-13
MAHI BAJAJ-I HPS,,,50.0,0.77,1.08,14.009999999999994,47.42,,25.0,,,,2025-09-13
MAHI BAJAJ-II HPS,,,90.0,0.4,0.52,7.200000000000002,13.45,,45.0,,,,2025-09-13
R P SAGAR  HPS,,,172.0,0.33,0.96,18.28999999999999,112.97,,43.0,,,,2025-09-13
ADANI POWER LIMITED KAWAI TPP,,,1320.0,12.77,11.08,4362.01,3603.0,27.0,660.0,,,,2025-09-13
ADANI POWER LIMITED KAWAI TPP,Unit 1,S,660.0,0.0,0.0,2070.0,1668.66,,660.0,45900.645833333336,,RESERVE SHUT DOWN / STANDBY UNIT,2025-09-13
ADANI POWER LIMITED KAWAI TPP,Unit 2, ,660.0,12.77,11.08,2292.0099999999998,1934.34,,0.0,,,,2025-09-13
JALIPA KAPURDI TPP,,,1080.0,17.849999999999998,17.72,3402.549999999998,2833.97,,135.0,,,,2025-09-13
JALIPA KAPURDI TPP,Unit 1, ,135.0,2.57,2.92,436.4099999999999,414.6,,0.0,,,,2025-09-13
JALIPA KAPURDI TPP,Unit 2, ,135.0,2.53,2.44,410.88999999999965,377.59,,0.0,,,,2025-09-13
JALIPA KAPURDI TPP,Unit 3, ,135.0,2.53,2.24,420.88999999999965,349.81,,0.0,,,,2025-09-13
JALIPA KAPURDI TPP,Unit 4,*,135.0,2.53,0.17,400.88999999999965,376.04,,135.0,45910.67291666667,13/09/2025 20:33:00,BOILER MISC. PROBLEM,2025-09-13
JALIPA KAPURDI TPP,Unit 5, ,135.0,2.53,2.75,435.88999999999965,395.06,,0.0,,,,2025-09-13
JALIPA KAPURDI TPP,Unit 6, ,135.0,2.53,2.82,432.88999999999965,235.59,,0.0,,,,2025-09-13
JALIPA KAPURDI TPP,Unit 7, ,135.0,2.63,2.26,463.18999999999994,361.64,,0.0,,,,2025-09-13
JALIPA KAPURDI TPP,Unit 8, ,135.0,0.0,2.12,401.5,323.64,,0.0,,,,2025-09-13
SHREE CEMENT LTD TPS,,,300.0,3.66,4.890000000000001,647.5799999999996,751.63,0.0,0.0,,,,2025-09-13
SHREE CEMENT LTD TPS,Unit 1, ,150.0,1.83,2.45,323.7899999999998,370.14,,0.0,,,,2025-09-13
SHREE CEMENT LTD TPS,Unit 2, ,150.0,1.83,2.44,323.7899999999998,381.49,,0.0,,,,2025-09-13
BARSINGSAR LIGNITE,,,250.0,4.4,5.9,670.2000000000005,614.36,,0.0,,,,2025-09-13
BARSINGSAR LIGNITE,Unit 1, ,125.0,2.17,2.96,375.2100000000002,429.28,,0.0,,,,2025-09-13
BARSINGSAR LIGNITE,Unit 2, ,125.0,2.23,2.94,294.99000000000024,185.08,,0.0,,,,2025-09-13
ANTA CCPP,,,419.33,1.37,4.47,216.81000000000006,185.29000000000002,,419.33,,,,2025-09-13
DAE (RAJASTHAN),,,0.0,0.0,0.0,0.0,0.0,,0.0,,,,2025-09-13
DAE (RAJASTHAN),Unit 1,L,0.0,0.0,0.0,0.0,0.0,,0.0,38269.95694444444,,GENERATOR EARTH FAULT,2025-09-13
RAJASTHAN  A.P.S.,,,1780.0,31.87,38.07,5508.3099999999995,4993.4400000000005,,0.0,,,,2025-09-13
RAJASTHAN  A.P.S.,Unit 2, ,200.0,3.9,4.61,565.6999999999997,499.07,,0.0,,,,2025-09-13
RAJASTHAN  A.P.S.,Unit 3, ,220.0,4.23,5.04,761.9900000000002,797.38,,0.0,,,,2025-09-13
RAJASTHAN  A.P.S.,Unit 4, ,220.0,4.23,4.43,761.9900000000002,796.68,,0.0,,,,2025-09-13
RAJASTHAN  A.P.S.,Unit 5, ,220.0,4.27,5.48,762.5099999999998,880.15,,0.0,,,,2025-09-13
RAJASTHAN  A.P.S.,Unit 6, ,220.0,4.47,5.39,757.1100000000004,885.42,,0.0,,,,2025-09-13
RAJASTHAN  A.P.S.,Unit 7, ,700.0,10.77,13.12,1899.0099999999998,1134.74,,0.0,,,,2025-09-13
RAJASTHAN  A.P.S.,Unit 8, ,,0.0,0.0,0.0,0.0,,0.0,,,unit not yet commissioned,2025-09-13
CHIBRO (YAMUNA)  HPS,,,240.0,4.17,4.81,514.2100000000002,472.3299999999999,,0.0,,,,2025-09-13
CHILLA  HPS,,,144.0,2.0,2.2,314.0,302.59,,36.0,,,,2025-09-13
DHAKRANI  HPS,,,33.75,0.37,0.36,53.80999999999997,62.14,,11.25,,,,2025-09-13
DHALIPUR  HPS,,,51.0,1.0,0.75,128.0,118.69,,51.0,,,,2025-09-13
KHATIMA  HPS,,,41.400000000000006,0.83,0.5800000000000001,118.78999999999998,112.85,,0.0,,,,2025-09-13
KHODRI  HPS,,,120.0,2.0,2.17,246.0,220.05,,0.0,,,,2025-09-13
KULHAL  HPS,,,30.0,0.6,0.44999999999999996,77.79999999999993,74.93,,0.0,,,,2025-09-13
MANERI BHALI-I HPS,,,90.0,2.07,2.1799999999999997,276.9099999999999,291.80999999999995,,0.0,,,,2025-09-13
MANERI BHALI-II HPS,,,304.0,6.33,6.5600000000000005,833.2900000000005,864.3300000000002,,0.0,,,,2025-09-13
RAMGANGA  HPS,,,198.0,0.0,0.0,99.0,147.20000000000002,,66.0,,,,2025-09-13
VYASI HPS,,,120.0,1.83,2.78,212.79000000000016,217.57,,0.0,,,,2025-09-13
BETA CCPP,,,0.0,0.0,0.0,0.0,0.0,,0.0,,,,2025-09-13
GAMA CCPP,,,225.0,1.43,1.18,208.5900000000001,147.36,,0.0,,,,2025-09-13
SRAVANTHI CCPP,,,439.0,1.88,0.0,296.4400000000001,320.06,,0.0,,,,2025-09-13
SHRINAGAR HPS,,,330.0,6.8,8.44,838.3999999999994,946.6199999999999,,0.0,,,,2025-09-13
SINGOLI BHATWARI HPS,,,99.0,2.13,2.6,279.68999999999994,282.20000000000005,,0.0,,,,2025-09-13
VISHNU PRAYAG HPS,,,400.0,8.0,10.620000000000001,1188.0,1265.0300000000002,,0.0,,,,2025-09-13
DHAULI GANGA  HPS,,,280.0,5.6,5.25,808.8000000000003,732.4399999999999,,0.0,,,,2025-09-13
KOTESHWAR HPS,,,400.0,3.17,6.199999999999999,552.2099999999995,744.3100000000001,,0.0,,,,2025-09-13
NAITWAR MORI HPS,,,60.0,1.03,1.43,174.39000000000001,183.19,,0.0,,,,2025-09-13
TANAKPUR HPS,,,94.19999999999999,2.3,1.69,282.90000000000015,269.7,,31.4,,,,2025-09-13
TAPOVAN VISHNUGAD HPS,,,0.0,0.0,0.0,0.0,0.0,,0.0,,,,2025-09-13
TEHRI PSP,,,500.0,4.8,0.0,236.40000000000015,265.47,,0.0,,,,2025-09-13
TEHRI ST-1 HPS,,,1000.0,10.53,18.55,1322.8899999999996,1718.8600000000001,,0.0,,,,2025-09-13
ANPARA TPS,,,2630.0,56.82000000000001,57.769999999999996,9460.659999999998,8501.960000000001,16.0,0.0,,,,2025-09-13
ANPARA TPS,Unit 1, ,210.0,4.43,4.39,737.5899999999993,620.46,,0.0,,,,2025-09-13
ANPARA TPS,Unit 2, ,210.0,4.43,4.1,737.5899999999993,615.04,,0.0,,,,2025-09-13
ANPARA TPS,Unit 3, ,210.0,4.53,3.91,753.8899999999996,581.48,,0.0,,,,2025-09-13
ANPARA TPS,Unit 4, ,500.0,10.3,9.8,1726.8999999999994,1426.36,,0.0,,,,2025-09-13
ANPARA TPS,Unit 5, ,500.0,10.67,11.82,1774.710000000001,1768.22,,0.0,,,,2025-09-13
ANPARA TPS,Unit 6, ,500.0,11.23,11.94,1864.9900000000002,1765.37,,0.0,,,,2025-09-13
ANPARA TPS,Unit 7, ,500.0,11.23,11.81,1864.9900000000002,1725.03,,0.0,,,,2025-09-13
HARDUAGANJ TPS,,,1265.0,17.11,20.979999999999997,3012.4299999999994,2570.82,33.0,0.0,,,,2025-09-13
HARDUAGANJ TPS,Unit 7, ,105.0,0.67,1.72,115.71000000000002,65.23,,0.0,,,,2025-09-13
HARDUAGANJ TPS,Unit 8, ,250.0,3.3,4.03,577.8999999999994,480.35,,0.0,,,,2025-09-13
HARDUAGANJ TPS,Unit 9, ,250.0,2.87,4.11,517.3100000000001,487.08,,0.0,,,,2025-09-13
HARDUAGANJ TPS,Unit 10, ,660.0,10.27,11.12,1801.5099999999998,1538.16,,0.0,,,,2025-09-13
JAWAHARPUR STPP,,,1320.0,16.5,24.15,2909.5,1608.79,39.0,0.0,,,,2025-09-13
JAWAHARPUR STPP,Unit 1, ,660.0,9.63,12.03,1705.1900000000014,782.96,,0.0,,,,2025-09-13
JAWAHARPUR STPP,Unit 2, ,660.0,6.87,12.12,1204.3099999999986,825.83,,0.0,,,,2025-09-13
OBRA TPS,,,2320.0,31.740000000000002,14.940000000000001,5607.620000000001,4190.35,8.0,1260.0,,,,2025-09-13
OBRA TPS,Unit 9, ,200.0,2.9,2.77,529.6999999999997,402.43,,0.0,,,,2025-09-13
OBRA TPS,Unit 10, ,200.0,2.87,2.94,508.31000000000006,469.63,,0.0,,,,2025-09-13
OBRA TPS,Unit 11,S,200.0,2.87,1.5,508.31000000000006,345.98,,200.0,45913.48611111111,,FURNACE FIRE OUT /FLAME FAILURE,2025-09-13
OBRA TPS,Unit 12,S,200.0,3.13,0.0,550.6899999999999,423.81,,200.0,45911.50069444445,,WATER WALL TUBE LEAKAGE,2025-09-13
OBRA TPS,Unit 13,S,200.0,2.9,0.0,507.6999999999997,389.32,,200.0,45912.470138888886,,WATER WALL TUBE LEAKAGE,2025-09-13
OBRA TPS,Unit 14, ,660.0,9.67,7.73,1703.710000000001,1486.72,,0.0,,,,2025-09-13
OBRA TPS,Unit 15,P,660.0,7.4,0.0,1299.2000000000012,672.46,,660.0,45911.53958333333,14/09/2025,MAINTENANCE OF AUXILIARY SYSTEM,2025-09-13
PANKI TPS EXT,,,660.0,6.87,9.21,1204.3099999999986,512.43,13.0,0.0,,,,2025-09-13
PANKI TPS EXT,Unit 1, ,660.0,6.87,9.21,1204.3099999999986,512.43,,0.0,,,,2025-09-13
PARICHHA TPS,,,920.0,14.990000000000002,16.63,2660.87,2413.59,19.0,0.0,,,,2025-09-13
PARICHHA TPS,Unit 3, ,210.0,3.33,3.88,585.2900000000005,571.9,,0.0,,,,2025-09-13
PARICHHA TPS,Unit 4, ,210.0,3.33,3.84,585.2900000000005,548.3,,0.0,,,,2025-09-13
PARICHHA TPS,Unit 5, ,250.0,4.03,4.46,711.3899999999996,649.32,,0.0,,,,2025-09-13
PARICHHA TPS,Unit 6, ,250.0,4.3,4.45,778.8999999999994,644.07,,0.0,,,,2025-09-13
KHARA  HPS,,,72.0,1.33,1.01,156.29000000000016,157.28,,0.0,,,,2025-09-13
MATATILA  HPS,,,30.599999999999998,0.43,0.72,30.589999999999996,50.2,,0.0,,,,2025-09-13
OBRA  HPS,,,99.0,1.0,2.06,113.0,188.11999999999998,,66.0,,,,2025-09-13
RIHAND HPS,,,300.0,2.27,6.66,244.51000000000013,527.96,,0.0,,,,2025-09-13
ANPARA C TPS,,,1200.0,25.9,27.98,4314.699999999999,4058.12,8.0,0.0,,,,2025-09-13
ANPARA C TPS,Unit 1, ,600.0,13.37,13.92,2220.8099999999986,1921.29,,0.0,,,,2025-09-13
ANPARA C TPS,Unit 2, ,600.0,12.53,14.06,2093.8900000000003,2136.83,,0.0,,,,2025-09-13
BARKHERA TPS,,,90.0,1.23,1.56,215.98999999999987,151.62,47.0,0.0,,,,2025-09-13
BARKHERA TPS,Unit 1, ,45.0,0.6,0.78,106.79999999999993,77.16,,0.0,,,,2025-09-13
BARKHERA TPS,Unit 2, ,45.0,0.63,0.78,109.18999999999994,74.46,,0.0,,,,2025-09-13
KHAMBARKHERA TPS,,,90.0,1.2,1.56,211.59999999999985,157.66,52.0,0.0,,,,2025-09-13
KHAMBARKHERA TPS,Unit 1, ,45.0,0.6,0.78,105.79999999999993,78.64,,0.0,,,,2025-09-13
KHAMBARKHERA TPS,Unit 2, ,45.0,0.6,0.78,105.79999999999993,79.02,,0.0,,,,2025-09-13
KUNDARKI TPS,,,90.0,1.27,1.56,218.22999999999996,147.82999999999998,57.0,0.0,,,,2025-09-13
KUNDARKI TPS,Unit 1, ,45.0,0.63,0.8,109.18999999999994,76.2,,0.0,,,,2025-09-13
KUNDARKI TPS,Unit 2, ,45.0,0.64,0.76,109.04,71.63,,0.0,,,,2025-09-13
LALITPUR TPS,,,1980.0,34.47,42.39,6158.110000000001,5738.26,16.0,0.0,,,,2025-09-13
LALITPUR TPS,Unit 1, ,660.0,11.47,14.19,2039.1100000000004,1835.09,,0.0,,,,2025-09-13
LALITPUR TPS,Unit 2, ,660.0,11.5,14.09,2059.5,1948.15,,0.0,,,,2025-09-13
LALITPUR TPS,Unit 3, ,660.0,11.5,14.11,2059.5,1955.02,,0.0,,,,2025-09-13
MAQSOODPUR TPS,,,90.0,1.26,1.56,212.37999999999988,152.05,69.0,0.0,,,,2025-09-13
MAQSOODPUR TPS,Unit 1, ,45.0,0.63,0.78,105.18999999999994,75.04,,0.0,,,,2025-09-13
MAQSOODPUR TPS,Unit 2, ,45.0,0.63,0.78,107.18999999999994,77.01,,0.0,,,,2025-09-13
PRAYAGRAJ TPP,,,1980.0,36.67,41.95,6571.710000000001,6280.8099999999995,21.0,0.0,,,,2025-09-13
PRAYAGRAJ TPP,Unit 1, ,660.0,12.67,14.59,2268.710000000001,2063.94,,0.0,,,,2025-09-13
PRAYAGRAJ TPP,Unit 2, ,660.0,12.33,14.54,2214.289999999999,2164.87,,0.0,,,,2025-09-13
PRAYAGRAJ TPP,Unit 3, ,660.0,11.67,12.82,2088.710000000001,2052.0,,0.0,,,,2025-09-13
ROSA TPP Ph-I,,,1200.0,20.759999999999998,24.46,3681.8800000000015,3337.69,19.0,0.0,,,,2025-09-13
ROSA TPP Ph-I,Unit 1, ,300.0,5.13,6.13,902.6899999999999,866.25,,0.0,,,,2025-09-13
ROSA TPP Ph-I,Unit 2, ,300.0,5.07,6.15,896.9100000000007,852.34,,0.0,,,,2025-09-13
ROSA TPP Ph-I,Unit 3, ,300.0,5.33,6.11,947.2900000000005,817.06,,0.0,,,,2025-09-13
ROSA TPP Ph-I,Unit 4, ,300.0,5.23,6.07,934.9900000000002,802.04,,0.0,,,,2025-09-13
UTRAULA TPS,,,90.0,1.2,1.56,213.5999999999999,144.48000000000002,55.0,0.0,,,,2025-09-13
UTRAULA TPS,Unit 1, ,45.0,0.6,0.78,106.79999999999995,72.45,,0.0,,,,2025-09-13
UTRAULA TPS,Unit 2, ,45.0,0.6,0.78,106.79999999999995,72.03,,0.0,,,,2025-09-13
DADRI (NCTPP),,,1820.0,29.72,27.25,5069.360000000001,3918.1900000000005,30.0,0.0,,,,2025-09-13
DADRI (NCTPP),Unit 1, ,210.0,3.57,3.0,618.4100000000007,385.98,,0.0,,,,2025-09-13
DADRI (NCTPP),Unit 2, ,210.0,3.63,3.1,502.18999999999994,290.77,,0.0,,,,2025-09-13
DADRI (NCTPP),Unit 3, ,210.0,3.27,3.17,574.5099999999998,409.97,,0.0,,,,2025-09-13
DADRI (NCTPP),Unit 4, ,210.0,3.27,3.19,574.5099999999998,427.22,,0.0,,,,2025-09-13
DADRI (NCTPP),Unit 5, ,490.0,7.81,7.4,1371.5299999999993,1157.78,,0.0,,,,2025-09-13
DADRI (NCTPP),Unit 6, ,490.0,8.17,7.39,1428.210000000001,1246.47,,0.0,,,,2025-09-13
GHATAMPUR TPP,,,660.0,16.47,11.35,2423.110000000002,1482.68,10.0,0.0,,,,2025-09-13
GHATAMPUR TPP,Unit 1, ,660.0,9.4,11.35,1653.2000000000012,1482.68,,0.0,,,,2025-09-13
GHATAMPUR TPP,Unit 2, ,,7.07,0.0,769.9100000000007,0.0,,0.0,,,unit not yet commissioned,2025-09-13
GHATAMPUR TPP,Unit 3, ,,0.0,0.0,0.0,0.0,,0.0,,,unit not yet commissioned,2025-09-13
KHURJA TPP,,,660.0,15.77,14.57,2063.009999999999,2293.27,24.0,0.0,,,,2025-09-13
KHURJA TPP,Unit 1, ,660.0,8.6,14.57,1520.7999999999988,2293.27,,0.0,,,,2025-09-13
KHURJA TPP,Unit 2, ,0.0,7.17,0.0,542.2099999999999,0.0,,0.0,,,unit not yet commissioned,2025-09-13
MEJA STPP,,,1320.0,26.17,24.66,4525.210000000001,3489.8199999999997,19.0,0.0,,,,2025-09-13
MEJA STPP,Unit 1, ,660.0,13.4,12.3,2238.200000000001,1968.79,,0.0,,,,2025-09-13
MEJA STPP,Unit 2, ,660.0,12.77,12.36,2287.0099999999998,1521.03,,0.0,,,,2025-09-13
RIHAND STPS,,,3000.0,67.9,53.11,11274.699999999999,10104.77,24.0,500.0,,,,2025-09-13
RIHAND STPS,Unit 1, ,500.0,11.3,10.55,1877.8999999999994,1718.94,,0.0,,,,2025-09-13
RIHAND STPS,Unit 2,P,500.0,11.3,0.0,1877.8999999999994,1261.43,,500.0,45877.50069444445,,BOILER OVERHAUL/ ANNUAL MAINTENANCE,2025-09-13
RIHAND STPS,Unit 3, ,500.0,11.3,10.78,1874.8999999999994,1785.06,,0.0,,,,2025-09-13
RIHAND STPS,Unit 4, ,500.0,11.4,10.7,1891.2000000000012,1775.43,,0.0,,,,2025-09-13
RIHAND STPS,Unit 5, ,500.0,11.3,10.6,1874.8999999999994,1786.45,,0.0,,,,2025-09-13
RIHAND STPS,Unit 6, ,500.0,11.3,10.48,1877.8999999999994,1777.46,,0.0,,,,2025-09-13
SINGRAULI STPS,,,2000.0,40.64,31.269999999999996,7188.32,6168.299999999999,23.0,500.0,,,,2025-09-13
SINGRAULI STPS,Unit 1, ,200.0,4.57,4.22,547.4100000000003,711.83,,0.0,,,,2025-09-13
SINGRAULI STPS,Unit 2, ,200.0,4.47,4.21,740.1100000000004,694.08,,0.0,,,,2025-09-13
SINGRAULI STPS,Unit 3, ,200.0,4.5,4.22,745.5,698.07,,0.0,,,,2025-09-13
SINGRAULI STPS,Unit 4, ,200.0,4.47,4.33,740.1100000000004,720.05,,0.0,,,,2025-09-13
SINGRAULI STPS,Unit 5, ,200.0,0.0,4.19,665.0,692.38,,0.0,,,,2025-09-13
SINGRAULI STPS,Unit 6,P,500.0,11.33,0.0,1877.289999999999,1018.57,,500.0,45856.07638888889,14/09/2025,OVERHAULING WORKS,2025-09-13
SINGRAULI STPS,Unit 7, ,500.0,11.3,10.1,1872.8999999999994,1633.32,,0.0,,,,2025-09-13
TANDA TPS,,,1760.0,30.63,26.07,5467.1900000000005,4986.89,43.0,440.0,,,,2025-09-13
TANDA TPS,Unit 1,L,110.0,1.67,0.0,295.7100000000002,204.15,,110.0,45838.961805555555,,CONSERVATION OF MAIN FUEL/RSD,2025-09-13
TANDA TPS,Unit 2,L,110.0,1.7,0.0,298.09999999999985,207.33,,110.0,45838.970138888886,,CONSERVATION OF MAIN FUEL/RSD,2025-09-13
TANDA TPS,Unit 3,S,110.0,1.63,0.0,296.18999999999994,230.94,,110.0,45900.998611111114,,CONSERVATION OF MAIN FUEL/RSD,2025-09-13
TANDA TPS,Unit 4,S,110.0,1.6,0.0,275.8000000000003,242.74,,110.0,45900.998611111114,,RESERVE SHUT DOWN / STANDBY UNIT,2025-09-13
TANDA TPS,Unit 5, ,660.0,12.23,12.98,2197.9900000000002,2045.93,,0.0,,,,2025-09-13
TANDA TPS,Unit 6, ,660.0,11.8,13.09,2103.4000000000005,2055.8,,0.0,,,,2025-09-13
UNCHAHAR TPS,,,1550.0,23.880000000000003,22.57,4923.4400000000005,4524.5,28.0,210.0,,,,2025-09-13
UNCHAHAR TPS,Unit 1, ,210.0,3.47,3.42,611.1100000000004,606.43,,0.0,,,,2025-09-13
UNCHAHAR TPS,Unit 2,P,210.0,3.6,0.0,655.8000000000003,568.32,,210.0,45912.03680555556,14/09/2025,OVERHAULING WORKS,2025-09-13
UNCHAHAR TPS,Unit 3, ,210.0,0.0,3.4,644.0,610.39,,0.0,,,,2025-09-13
UNCHAHAR TPS,Unit 4, ,210.0,3.97,3.41,712.6100000000004,624.57,,0.0,,,,2025-09-13
UNCHAHAR TPS,Unit 5, ,210.0,3.97,3.45,712.6100000000004,592.53,,0.0,,,,2025-09-13
UNCHAHAR TPS,Unit 6, ,500.0,8.87,8.89,1587.3099999999986,1522.26,,0.0,,,,2025-09-13
AURAIYA CCPP,,,663.3599999999999,2.4699999999999998,5.86,420.11000000000007,256.01,,222.38,,,,2025-09-13
DADRI CCPP,,,829.78,2.62,7.82,518.91,304.05999999999995,,569.4,,,,2025-09-13
NARORA  A.P.S.,,,440.0,8.74,5.09,1125.6200000000001,905.4300000000001,,220.0,,,,2025-09-13
NARORA  A.P.S.,Unit 1,L,220.0,4.97,0.0,447.61000000000035,67.08,,220.0,45761.191666666666,,Turbine Misc,2025-09-13
NARORA  A.P.S.,Unit 2, ,220.0,3.77,5.09,678.0099999999998,838.35,,0.0,,,,2025-09-13
CHHATISGARH,,,,,,,,,,,,,2025-09-13
DSPM TPS,,,500.0,10.899999999999999,11.28,1812.6999999999998,1754.52,12.0,0.0,,,,2025-09-13
DSPM TPS,Unit 1, ,250.0,5.43,5.6,903.5899999999993,863.85,,0.0,,,,2025-09-13
DSPM TPS,Unit 2, ,250.0,5.47,5.68,909.1100000000004,890.67,,0.0,,,,2025-09-13
KORBA-WEST TPS,,,1340.0,26.940000000000005,21.89,4410.220000000002,3322.46,12.0,0.0,,,,2025-09-13
KORBA-WEST TPS,Unit 1, ,210.0,4.33,3.21,578.2900000000005,433.36,,0.0,,,,2025-09-13
KORBA-WEST TPS,Unit 2, ,210.0,3.97,3.16,712.6100000000004,492.03,,0.0,,,,2025-09-13
KORBA-WEST TPS,Unit 3, ,210.0,3.97,3.07,712.6100000000004,511.53,,0.0,,,,2025-09-13
KORBA-WEST TPS,Unit 4, ,210.0,4.0,2.85,718.0,498.04,,0.0,,,,2025-09-13
KORBA-WEST TPS,Unit 5, ,500.0,10.67,9.6,1688.710000000001,1387.5,,0.0,,,,2025-09-13
MARWA TPS,,,1000.0,20.67,19.060000000000002,3458.710000000001,3181.41,29.0,0.0,,,,2025-09-13
MARWA TPS,Unit 1, ,500.0,10.4,9.23,1731.2000000000012,1578.35,,0.0,,,,2025-09-13
MARWA TPS,Unit 2, ,500.0,10.27,9.83,1727.5099999999998,1603.06,,0.0,,,,2025-09-13
HASDEOBANGO  HPS,,,120.0,1.83,2.88,166.79000000000016,135.41,,0.0,,,,2025-09-13
ADANI POWER LIMITED RAIGARH TPP,,,600.0,12.53,12.19,2120.890000000001,1956.08,10.0,0.0,,,,2025-09-13
ADANI POWER LIMITED RAIGARH TPP,Unit 1, ,600.0,12.53,12.19,2120.890000000001,1956.08,,0.0,,,,2025-09-13
ADANI POWER LIMITED RAIPUR TPP,,,1370.0,26.87,26.729999999999997,4649.309999999999,3758.51,8.0,0.0,,,,2025-09-13
ADANI POWER LIMITED RAIPUR TPP,Unit 1, ,685.0,13.97,13.37,2334.6099999999974,2010.33,,0.0,,,,2025-09-13
ADANI POWER LIMITED RAIPUR TPP,Unit 2, ,685.0,12.9,13.36,2314.700000000001,1748.18,,0.0,,,,2025-09-13
AKALTARA TPS,,,1800.0,34.230000000000004,34.56,5845.990000000001,5443.16,32.0,0.0,,,,2025-09-13
AKALTARA TPS,Unit 1, ,0.0,0.0,0.0,0.0,0.0,,0.0,,,unit not yet commissioned,2025-09-13
AKALTARA TPS,Unit 2, ,600.0,11.2,11.92,1730.6000000000006,1830.38,,0.0,,,,2025-09-13
AKALTARA TPS,Unit 3, ,600.0,11.73,12.15,2088.4900000000002,1788.57,,0.0,,,,2025-09-13
AKALTARA TPS,Unit 4,S,600.0,11.3,10.49,2026.8999999999994,1824.21,,0.0,45913.91111111111,,AIR PREHEATERS PROBLEM,2025-09-13
BALCO TPS,,,600.0,5.27,5.56,1723.5099999999998,1678.4299999999998,4.0,300.0,,,,2025-09-13
BALCO TPS,Unit 1,L,300.0,5.27,0.0,770.5099999999998,719.89,,300.0,45884.98333333333,,HYDROGEN PRESSURE PROBLEM,2025-09-13
BALCO TPS,Unit 2, ,300.0,0.0,5.56,953.0,958.54,,0.0,,,,2025-09-13
BANDAKHAR TPP,,,300.0,5.73,6.79,1027.4900000000002,1035.51,26.0,0.0,,,,2025-09-13
BANDAKHAR TPP,Unit 1, ,300.0,5.73,6.79,1027.4900000000002,1035.51,,0.0,,,,2025-09-13
BARADARHA TPS,,,1200.0,25.53,27.53,3809.8900000000003,4170.110000000001,7.0,0.0,,,,2025-09-13
BARADARHA TPS,Unit 1, ,600.0,12.53,13.76,2093.8900000000003,2147.03,,0.0,,,,2025-09-13
BARADARHA TPS,Unit 2, ,600.0,13.0,13.77,1716.0,2023.08,,0.0,,,,2025-09-13
BINJKOTE TPP,,,600.0,4.73,13.83,1584.4900000000002,2083.45,5.0,0.0,,,,2025-09-13
BINJKOTE TPP,Unit 1, ,300.0,4.73,6.85,828.4900000000002,1047.98,,0.0,,,,2025-09-13
BINJKOTE TPP,Unit 2, ,300.0,0.0,6.98,756.0,1035.47,,0.0,,,,2025-09-13
CHAKABURA TPP,,,30.0,0.57,0.59,103.40999999999991,88.75,11.0,30.0,,,,2025-09-13
CHAKABURA TPP,Unit 1, ,0.0,0.0,0.0,0.0,0.0,,0.0,,,unit not yet commissioned,2025-09-13
CHAKABURA TPP,Unit 2,*,30.0,0.57,0.59,103.40999999999991,88.75,,30.0,45913.739583333336,13/09/2025 20:08:00,BOILER FEED PUMP/MOTOR PROBLEM,2025-09-13
KASAIPALLI TPP,,,270.0,4.7,2.84,837.1000000000006,742.1400000000001,5.0,135.0,,,,2025-09-13
KASAIPALLI TPP,Unit 1, ,135.0,2.23,2.84,392.99000000000024,409.98,,0.0,,,,2025-09-13
KASAIPALLI TPP,Unit 2,S,135.0,2.47,0.0,444.11000000000035,332.16,,135.0,45908.90277777778,30/09/2025,I.D. FANS PROBLEM,2025-09-13
KATGHORA TPP,,,0.0,0.0,0.0,0.0,0.0,,0.0,,,,2025-09-13
KATGHORA TPP,Unit 1,L,0.0,0.0,0.0,0.0,0.0,,0.0,41197.01944444444,,No Fuel Supply Agreement,2025-09-13
NAWAPARA TPP,,,600.0,10.57,6.53,1681.4099999999992,1723.13,32.0,300.0,,,,2025-09-13
NAWAPARA TPP,Unit 1,S,300.0,5.3,0.0,826.8999999999994,961.34,,300.0,45904.395833333336,,ASH HANDLING SYSTEM PROBLEM,2025-09-13
NAWAPARA TPP,Unit 2, ,300.0,5.27,6.53,854.5099999999998,761.79,,0.0,,,,2025-09-13
OP JINDAL TPS,,,1000.0,20.68,17.3,3468.839999999998,3486.2400000000002,37.0,250.0,,,,2025-09-13
OP JINDAL TPS,Unit 1, ,250.0,5.17,5.75,867.2099999999995,937.95,,0.0,,,,2025-09-13
OP JINDAL TPS,Unit 2, ,250.0,5.17,5.74,867.2099999999995,924.75,,0.0,,,,2025-09-13
OP JINDAL TPS,Unit 3,P,250.0,5.17,0.0,867.2099999999995,867.77,,250.0,45901.17361111111,,CAPITAL MAINTENANCE,2025-09-13
OP JINDAL TPS,Unit 4, ,250.0,5.17,5.81,867.2099999999995,755.77,,0.0,,,,2025-09-13
PATHADI STAGE II,,,0.0,0.0,0.0,0.0,0.0,,0.0,,,,2025-09-13
PATHADI STAGE II,Unit 1, ,0.0,0.0,0.0,0.0,0.0,,0.0,,,unit not yet commissioned,2025-09-13
PATHADI TPP,,,600.0,12.67,10.649999999999999,1968.7099999999996,2004.46,15.0,0.0,,,,2025-09-13
PATHADI TPP,Unit 1, ,300.0,6.27,4.31,1048.5099999999998,1011.08,,0.0,,,,2025-09-13
PATHADI TPP,Unit 2, ,300.0,6.4,6.34,920.1999999999999,993.38,,0.0,,,,2025-09-13
RATIJA TPS,,,100.0,1.86,1.8199999999999998,328.1800000000002,303.85,4.0,0.0,,,,2025-09-13
RATIJA TPS,Unit 1, ,50.0,0.93,0.96,164.0900000000001,157.49,,0.0,,,,2025-09-13
RATIJA TPS,Unit 2, ,50.0,0.93,0.86,164.0900000000001,146.36,,0.0,,,,2025-09-13
SALORA TPP,,,0.0,0.0,0.0,0.0,0.0,,0.0,,,,2025-09-13
SALORA TPP,Unit 1,L,0.0,0.0,0.0,0.0,0.0,,0.0,41931.1875,,No Fuel Supply Agreement,2025-09-13
SALORA TPP,Unit 2, ,0.0,0.0,0.0,0.0,0.0,,0.0,,,unit not yet commissioned,2025-09-13
SVPL TPP,,,63.0,0.8,1.14,138.40000000000015,143.62,30.0,0.0,,,,2025-09-13
SVPL TPP,Unit 1, ,63.0,0.8,1.14,138.40000000000015,143.62,,0.0,,,,2025-09-13
SWASTIK KORBA TPP,,,0.0,0.0,0.0,0.0,0.0,,0.0,,,,2025-09-13
SWASTIK KORBA TPP,Unit 1,L,0.0,0.0,0.0,0.0,0.0,,0.0,42095.01388888889,,No Fuel Supply Agreement,2025-09-13
TAMNAR TPP,,,2400.0,50.11,55.72,8418.43,8447.25,19.0,0.0,,,,2025-09-13
TAMNAR TPP,Unit 1, ,600.0,12.8,13.9,2137.400000000001,2149.02,,0.0,,,,2025-09-13
TAMNAR TPP,Unit 2, ,600.0,12.57,13.93,2139.4100000000008,1790.85,,0.0,,,,2025-09-13
TAMNAR TPP,Unit 3, ,600.0,12.47,13.94,2093.1099999999997,2292.11,,0.0,,,,2025-09-13
TAMNAR TPP,Unit 4, ,600.0,12.27,13.95,2048.5099999999998,2215.27,,0.0,,,,2025-09-13
UCHPINDA TPP,,,1440.0,20.54,20.36,3629.0200000000023,3673.4299999999994,93.0,360.0,,,,2025-09-13
UCHPINDA TPP,Unit 1, ,360.0,5.2,4.93,918.6000000000006,238.67,,0.0,,,,2025-09-13
UCHPINDA TPP,Unit 2,S,360.0,5.07,0.0,895.9100000000007,1029.58,,360.0,45909.865277777775,,AIR PREHEATERS PROBLEM,2025-09-13
UCHPINDA TPP,Unit 3, ,360.0,5.2,7.7,918.6000000000006,1192.61,,0.0,,,,2025-09-13
UCHPINDA TPP,Unit 4, ,360.0,5.07,7.73,895.9100000000007,1212.57,,0.0,,,,2025-09-13
UCHPINDA TPP,Unit 1,S,600.0,0.0,0.0,0.0,364.14,,600.0,45912.589583333334,16/09/2025,TURBINE MISC. PROBLEM,2025-09-13
UCHPINDA TPP,Unit 2, ,0.0,0.0,0.0,0.0,0.0,,0.0,,,unit not yet commissioned,2025-09-13
BHILAI TPS,,,500.0,10.77,10.21,1800.0099999999998,1657.76,27.0,0.0,,,,2025-09-13
BHILAI TPS,Unit 1, ,250.0,5.3,5.16,889.8999999999994,821.8,,0.0,,,,2025-09-13
BHILAI TPS,Unit 2, ,250.0,5.47,5.05,910.1100000000004,835.96,,0.0,,,,2025-09-13
KORBA STPS,,,2600.0,59.29,44.89,9639.769999999997,8542.119999999999,13.0,500.0,,,,2025-09-13
KORBA STPS,Unit 1, ,200.0,4.53,4.42,750.8899999999996,730.59,,0.0,,,,2025-09-13
KORBA STPS,Unit 2, ,200.0,4.53,4.5,750.8899999999996,545.61,,0.0,,,,2025-09-13
KORBA STPS,Unit 3, ,200.0,4.53,4.5,549.8899999999996,519.99,,0.0,,,,2025-09-13
KORBA STPS,Unit 4,P,500.0,11.33,0.0,1882.289999999999,1451.33,,500.0,45885.0,,BOILER OVERHAUL/ ANNUAL MAINTENANCE,2025-09-13
KORBA STPS,Unit 5, ,500.0,11.37,10.48,1886.8099999999986,1768.53,,0.0,,,,2025-09-13
KORBA STPS,Unit 6, ,500.0,11.5,10.22,1909.5,1714.11,,0.0,,,,2025-09-13
KORBA STPS,Unit 7, ,500.0,11.5,10.77,1909.5,1811.96,,0.0,,,,2025-09-13
LARA TPP,,,1600.0,36.74,17.36,4994.619999999997,5499.379999999999,33.0,800.0,,,,2025-09-13
LARA TPP,Unit 1, ,800.0,18.37,17.36,3047.8099999999986,2900.49,,0.0,,,,2025-09-13
LARA TPP,Unit 2,P,800.0,18.37,0.0,1946.8099999999986,2598.89,,800.0,45894.0,,OVERHAULING WORKS,2025-09-13
SIPAT STPS,,,2980.0,66.7,53.06,10043.1,9258.099999999999,19.0,500.0,,,,2025-09-13
SIPAT STPS,Unit 1, ,660.0,14.77,14.17,1935.0099999999998,1850.84,,0.0,,,,2025-09-13
SIPAT STPS,Unit 2, ,660.0,14.83,14.1,2460.789999999999,2363.56,,0.0,,,,2025-09-13
SIPAT STPS,Unit 3, ,660.0,14.73,14.13,2442.4900000000002,2321.55,,0.0,,,,2025-09-13
SIPAT STPS,Unit 4, ,500.0,11.17,10.66,1853.210000000001,1491.27,,0.0,,,,2025-09-13
SIPAT STPS,Unit 5,P,500.0,11.2,0.0,1351.6000000000006,1230.88,,500.0,45864.15277777778,14/09/2025,OVERHAULING WORKS,2025-09-13
AKRIMOTA LIG TPS,,,250.0,2.7,0.87,463.10000000000025,2.0,,250.0,,,,2025-09-13
AKRIMOTA LIG TPS,Unit 1,P,125.0,1.37,0.0,231.81000000000006,0.0,,125.0,45451.8125,,CAPITAL MAINTENANCE,2025-09-13
AKRIMOTA LIG TPS,Unit 2,*,125.0,1.33,0.87,231.29000000000016,2.0,,125.0,45912.763194444444,13/09/2025 02:10:00,TURBINE CONTROL VALVE PROBLEM,2025-09-13
BHAVNAGAR CFBC TPP,,,500.0,4.0,3.3,693.0,776.5,,250.0,,,,2025-09-13
BHAVNAGAR CFBC TPP,Unit 1,S,250.0,2.0,0.0,345.0,379.05,,250.0,45905.30347222222,,BOILER MISC. PROBLEM,2025-09-13
BHAVNAGAR CFBC TPP,Unit 2, ,250.0,2.0,3.3,348.0,397.45,,0.0,,,,2025-09-13
GANDHI NAGAR TPS,,,630.0,9.57,3.62,1466.4100000000008,870.29,52.0,420.0,,,,2025-09-13
GANDHI NAGAR TPS,Unit 3,S,210.0,3.0,0.0,526.0,215.64,,210.0,45900.4625,,RSD/LOW SCHEDULE,2025-09-13
GANDHI NAGAR TPS,Unit 4,S,210.0,3.0,0.0,382.0,195.53,,210.0,45900.450694444444,,RSD/LOW SCHEDULE,2025-09-13
GANDHI NAGAR TPS,Unit 5, ,210.0,3.57,3.62,558.4100000000007,459.12,,0.0,,,,2025-09-13
KUTCH LIG. TPS,,,150.0,1.3,1.44,190.89999999999986,159.4,,75.0,,,,2025-09-13
KUTCH LIG. TPS,Unit 3, ,75.0,1.2,1.44,174.59999999999985,159.4,,0.0,,,,2025-09-13
KUTCH LIG. TPS,Unit 4,L,75.0,0.1,0.0,16.3,0.0,,75.0,45112.29513888889,,COOLING TOWER PROBLEM,2025-09-13
SIKKA REP. TPS,,,500.0,3.4000000000000004,0.0,595.1999999999997,301.99,1.0,500.0,,,,2025-09-13
SIKKA REP. TPS,Unit 3,S,250.0,1.83,0.0,317.7899999999998,162.43,,250.0,45900.43541666667,,RSD/LOW SCHEDULE,2025-09-13
SIKKA REP. TPS,Unit 4,S,250.0,1.57,0.0,277.4099999999999,139.56,,250.0,45900.42916666667,,RSD/LOW SCHEDULE,2025-09-13
UKAI TPS,,,1110.0,14.1,10.780000000000001,2924.299999999999,2807.85,40.0,610.0,,,,2025-09-13
UKAI TPS,Unit 3, ,200.0,0.0,0.0,414.0,341.23,,200.0,45900.89513888889,,RESERVE SHUT DOWN/ STANDBY.,2025-09-13
UKAI TPS,Unit 4,*,200.0,2.87,2.88,503.31000000000006,566.67,,200.0,45912.8125,13/09/2025 02:03:00,GENEARTOR MISC.,2025-09-13
UKAI TPS,Unit 5, ,210.0,2.4,0.0,425.1999999999997,453.22,,210.0,45905.00001157408,,RESERVE SHUT DOWN/ STANDBY.,2025-09-13
UKAI TPS,Unit 6, ,500.0,8.83,7.9,1581.789999999999,1446.73,,0.0,,,,2025-09-13
WANAKBORI TPS,,,2270.0,33.8,19.259999999999998,5826.4,4316.5199999999995,36.0,1260.0,,,,2025-09-13
WANAKBORI TPS,Unit 1,S,210.0,2.3,0.0,332.90000000000015,165.83,,210.0,45901.333333333336,,RESERVE SHUT DOWN / STANDBY UNIT,2025-09-13
WANAKBORI TPS,Unit 2,S,210.0,2.13,0.0,370.68999999999994,303.59,,210.0,45901.45138888889,,RESERVE SHUT DOWN / STANDBY UNIT,2025-09-13
WANAKBORI TPS,Unit 3, ,210.0,2.6,3.51,460.8000000000003,397.38,,0.0,,,,2025-09-13
WANAKBORI TPS,Unit 4,L,210.0,2.87,0.0,408.31000000000006,272.83,,210.0,45884.720138888886,,RESERVE SHUT DOWN / STANDBY UNIT,2025-09-13
WANAKBORI TPS,Unit 5,S,210.0,2.6,0.0,460.8000000000003,132.52,,210.0,45901.334027777775,,RESERVE SHUT DOWN / STANDBY UNIT,2025-09-13
WANAKBORI TPS,Unit 6,S,210.0,2.9,0.0,503.6999999999997,325.32,,210.0,45901.44236111111,,RESERVE SHUT DOWN / STANDBY UNIT,2025-09-13
WANAKBORI TPS,Unit 7,*,210.0,3.4,1.57,599.1999999999997,395.84,,210.0,45901.55902777778,13/09/2025 13:14:00,RESERVE SHUT DOWN / STANDBY UNIT,2025-09-13
WANAKBORI TPS,Unit 8, ,800.0,15.0,14.18,2690.0,2323.21,,0.0,,,,2025-09-13
DHUVARAN CCPP,,,594.72,1.49,0.75,250.37000000000012,53.6,,594.72,,,,2025-09-13
HAZIRA CCPP,,,0.0,0.0,0.0,0.0,0.0,,0.0,,,,2025-09-13
HAZIRA CCPP EXT,,,351.0,0.73,1.38,111.49000000000005,143.05,,351.0,,,,2025-09-13
PIPAVAV CCPP,,,702.0,1.76,1.16,281.88000000000005,45.91,,351.0,,,,2025-09-13
UTRAN CCPP,,,374.0,1.17,0.0,194.21000000000004,201.24,,0.0,,,,2025-09-13
KADANA  HPS,,,240.0,1.2,5.16,149.59999999999985,172.82,,0.0,,,,2025-09-13
S SAROVAR CHPH HPS,,,250.0,1.7,4.91,287.09999999999985,336.15,,0.0,,,,2025-09-13
S SAROVAR RBPH HPS,,,1200.0,22.3,29.439999999999998,1394.8999999999994,2344.89,,0.0,,,,2025-09-13
UKAI HPS,,,300.0,4.63,7.2,326.18999999999994,328.34000000000003,,0.0,,,,2025-09-13
ADANI POWER LIMITED MUNDRA TPP - III,,,1980.0,31.53,38.01,5567.890000000003,5640.95,0.0,0.0,,,,2025-09-13
ADANI POWER LIMITED MUNDRA TPP - III,Unit 7, ,660.0,11.4,12.95,2024.2000000000012,1871.27,,0.0,,,,2025-09-13
ADANI POWER LIMITED MUNDRA TPP - III,Unit 8, ,660.0,9.7,13.95,1704.1000000000006,2016.63,,0.0,,,,2025-09-13
ADANI POWER LIMITED MUNDRA TPP - III,Unit 9, ,660.0,10.43,11.11,1839.5900000000008,1753.05,,0.0,,,,2025-09-13
ADANI POWER LIMITED MUNDRA TPP - I & II,,,2640.0,42.5,45.61,7195.500000000003,6735.31,0.0,330.0,,,,2025-09-13
ADANI POWER LIMITED MUNDRA TPP - I & II,Unit 1,P,330.0,4.97,0.0,724.6100000000004,562.7,,330.0,45870.08125,,ANNUAL MAINTENANCE,2025-09-13
ADANI POWER LIMITED MUNDRA TPP - I & II,Unit 2, ,330.0,5.0,6.21,875.0,747.67,,0.0,,,,2025-09-13
ADANI POWER LIMITED MUNDRA TPP - I & II,Unit 3, ,330.0,5.13,6.46,735.6899999999999,732.78,,0.0,,,,2025-09-13
ADANI POWER LIMITED MUNDRA TPP - I & II,Unit 4, ,330.0,5.07,6.26,894.9100000000007,812.58,,0.0,,,,2025-09-13
ADANI POWER LIMITED MUNDRA TPP - I & II,Unit 5, ,660.0,10.7,13.6,1889.1000000000006,1875.78,,0.0,,,,2025-09-13
ADANI POWER LIMITED MUNDRA TPP - I & II,Unit 6, ,660.0,11.63,13.08,2076.1900000000014,2003.8,,0.0,,,,2025-09-13
MUNDRA UMTPP,,,4000.0,53.97,0.0,9505.610000000002,6414.01,0.0,4000.0,,,,2025-09-13
MUNDRA UMTPP,Unit 1,L,800.0,10.2,0.0,1794.6000000000006,1370.66,,800.0,45841.495833333334,,AIR PREHEATERS PROBLEM,2025-09-13
MUNDRA UMTPP,Unit 2,L,800.0,12.67,0.0,2224.710000000001,1179.66,,800.0,45840.95763888889,,F.D. FANS PROBLEM,2025-09-13
MUNDRA UMTPP,Unit 3,L,800.0,11.5,0.0,2018.5,1345.89,,800.0,45840.01527777778,,TURBINE CONTROL VALVE PROBLEM,2025-09-13
MUNDRA UMTPP,Unit 4,L,800.0,9.17,0.0,1627.210000000001,1386.63,,800.0,45839.37152777778,,COOLING WATER SYSTEM PROBLEM/PIPES REPLACE,2025-09-13
MUNDRA UMTPP,Unit 5,L,800.0,10.43,0.0,1840.5900000000008,1131.17,,800.0,45840.37152777778,,TURBINE MISC. PROBLEMS,2025-09-13
SABARMATI (D-F STATIONS),,,362.0,8.100000000000001,7.58,1345.2999999999995,1305.9699999999998,8.0,0.0,,,,2025-09-13
SABARMATI (D-F STATIONS),Unit 1, ,120.0,2.7,2.54,448.09999999999985,429.64,,0.0,,,,2025-09-13
SABARMATI (D-F STATIONS),Unit 2, ,121.0,2.7,2.49,449.09999999999985,432.44,,0.0,,,,2025-09-13
SABARMATI (D-F STATIONS),Unit 3, ,121.0,2.7,2.55,448.09999999999985,443.89,,0.0,,,,2025-09-13
SALAYA TPP,,,1200.0,12.969999999999999,24.58,2270.6099999999974,2583.93,0.0,0.0,,,,2025-09-13
SALAYA TPP,Unit 1, ,600.0,6.6,12.32,1157.7999999999988,1765.37,,0.0,,,,2025-09-13
SALAYA TPP,Unit 2, ,600.0,6.37,12.26,1112.8099999999986,818.56,,0.0,,,,2025-09-13
SURAT LIG. TPS,,,500.0,8.440000000000001,10.18,1352.72,1359.19,,0.0,,,,2025-09-13
SURAT LIG. TPS,Unit 1, ,125.0,2.2,2.44,390.59999999999985,372.5,,0.0,,,,2025-09-13
SURAT LIG. TPS,Unit 2, ,125.0,2.0,2.56,284.0,288.19,,0.0,,,,2025-09-13
SURAT LIG. TPS,Unit 3, ,125.0,2.27,2.58,334.50999999999976,326.25,,0.0,,,,2025-09-13
SURAT LIG. TPS,Unit 4, ,125.0,1.97,2.6,343.61000000000035,372.25,,0.0,,,,2025-09-13
BARODA CCPP,,,0.0,0.0,0.0,0.0,0.0,,0.0,,,,2025-09-13
DGEN MEGA CCPP,,,1200.0,3.87,13.92,635.3100000000001,1016.6300000000001,,0.0,,,,2025-09-13
ESSAR CCPP,,,515.0,0.0,0.0,0.0,0.0,,515.0,,,,2025-09-13
GIPCL. GT IMP,,,0.0,0.0,0.0,0.0,0.0,,0.0,,,,2025-09-13
SUGEN CCPP,,,1147.5,8.81,15.370000000000001,1537.5300000000009,1820.8,,0.0,,,,2025-09-13
UNOSUGEN CCPP,,,382.5,2.13,0.0,343.68999999999994,347.42,,0.0,,,,2025-09-13
GANDHAR CCPP,,,657.3900000000001,2.64,6.82,436.32000000000005,304.37,,288.6,,,,2025-09-13
KAWAS CCPP,,,656.2,2.4299999999999997,5.67,404.59000000000026,291.22999999999996,,434.1,,,,2025-09-13
KAKRAPARA,,,1840.0,37.19,36.52,6226.470000000003,4888.78,,0.0,,,,2025-09-13
KAKRAPARA,Unit 1, ,220.0,4.23,5.32,761.9900000000002,837.26,,0.0,,,,2025-09-13
KAKRAPARA,Unit 2, ,220.0,4.47,5.25,558.1100000000004,550.18,,0.0,,,,2025-09-13
KAKRAPARA,Unit 3, ,700.0,13.63,15.6,2430.1900000000014,2041.26,,0.0,,,,2025-09-13
KAKRAPARA,Unit 4, ,700.0,14.86,10.35,2476.1800000000017,1460.08,,0.0,,,,2025-09-13
AMARKANTAK EXT TPS,,,210.0,4.67,4.66,774.7099999999995,785.8,17.0,0.0,,,,2025-09-13
AMARKANTAK EXT TPS,Unit 3, ,210.0,4.67,4.66,774.7099999999995,785.8,,0.0,,,,2025-09-13
SANJAY GANDHI TPS,,,1340.0,23.54,13.67,4061.0200000000013,3153.86,25.0,500.0,,,,2025-09-13
SANJAY GANDHI TPS,Unit 1, ,210.0,4.1,3.88,726.3000000000003,216.95,,0.0,,,,2025-09-13
SANJAY GANDHI TPS,Unit 2, ,210.0,0.0,3.85,543.0,622.84,,0.0,,,,2025-09-13
SANJAY GANDHI TPS,Unit 3,*,210.0,4.07,2.19,718.9100000000007,655.99,,0.0,45913.211805555555,13/09/2025 14:11:00,GENERATOR PROTECTION RELAY OPERATION PROBLEM,2025-09-13
SANJAY GANDHI TPS,Unit 4, ,210.0,4.07,3.75,719.9100000000007,625.93,,0.0,,,,2025-09-13
SANJAY GANDHI TPS,Unit 5,P,500.0,11.3,0.0,1352.8999999999994,1032.15,,500.0,45848.0,,BOILER OVERHAUL/ ANNUAL MAINTENANCE,2025-09-13
SATPURA TPS,,,500.0,11.04,10.38,1629.520000000001,1467.1100000000001,32.0,0.0,,,,2025-09-13
SATPURA TPS,Unit 6,P,0.0,0.0,0.0,0.0,0.0,,0.0,44260.49652777778,,UNIT LIKELY TO BE SCRAPPED.,2025-09-13
SATPURA TPS,Unit 7,P,0.0,0.0,0.0,0.0,0.0,,0.0,44260.42291666667,,UNIT LIKELY TO BE SCRAPPED.,2025-09-13
SATPURA TPS,Unit 8,P,0.0,0.0,0.0,0.0,0.0,,0.0,43890.995833333334,,UNIT LIKELY TO BE SCRAPPED.,2025-09-13
SATPURA TPS,Unit 9,L,0.0,0.0,0.0,0.0,0.0,,0.0,43885.305555555555,,RSD/LOW SCHEDULE,2025-09-13
SATPURA TPS,Unit 10, ,250.0,5.47,5.23,910.1100000000004,826.74,,0.0,,,,2025-09-13
SATPURA TPS,Unit 11, ,250.0,5.57,5.15,719.4100000000007,640.37,,0.0,,,,2025-09-13
SHREE SINGAJI TPP,,,2520.0,32.269999999999996,35.02,6752.42,6530.490000000001,25.0,660.0,,,,2025-09-13
SHREE SINGAJI TPP,Unit 1, ,600.0,10.2,11.13,1794.6000000000006,1637.25,,0.0,,,,2025-09-13
SHREE SINGAJI TPP,Unit 2, ,600.0,0.0,11.47,1654.0,1306.44,,0.0,,,,2025-09-13
SHREE SINGAJI TPP,Unit 3,S,660.0,11.2,0.0,1972.6000000000006,1921.08,,660.0,45909.92986111111,,D.M. WATER PROBLEM,2025-09-13
SHREE SINGAJI TPP,Unit 4, ,660.0,10.87,12.42,1331.2199999999993,1665.72,,0.0,,,,2025-09-13
BANSAGAR-II HPS,,,30.0,0.33,0.28,40.28999999999998,37.66,,0.0,,,,2025-09-13
BANSAGAR-III HPS,,,60.0,0.83,1.48,45.78999999999998,87.69,,0.0,,,,2025-09-13
BANSAGAR TONS-I  HPS,,,315.0,3.67,4.550000000000001,427.7100000000002,398.36,,105.0,,,,2025-09-13
BARGI  HPS,,,90.0,1.67,2.18,211.70999999999984,219.2,,0.0,,,,2025-09-13
GANDHI SAGAR  HPS,,,115.0,1.0,0.95,57.0,32.480000000000004,,46.0,,,,2025-09-13
MADHIKHERA  HPS,,,60.0,0.4,1.46,35.19999999999998,106.12,,0.0,,,,2025-09-13
RAJGHAT  HPS,,,45.0,0.57,1.0499999999999998,29.410000000000004,43.97,,0.0,,,,2025-09-13
ANUPPUR TPP,,,1250.0,22.84,24.619999999999997,4063.919999999999,4091.2599999999998,5.0,0.0,,,,2025-09-13
ANUPPUR TPP,Unit 1, ,625.0,11.27,12.12,2016.5099999999998,2034.62,,0.0,,,,2025-09-13
ANUPPUR TPP,Unit 2, ,625.0,11.57,12.5,2047.4099999999992,2056.64,,0.0,,,,2025-09-13
BINA TPS,,,500.0,9.54,9.58,1704.0199999999995,1383.98,25.0,0.0,,,,2025-09-13
BINA TPS,Unit 1, ,250.0,4.77,4.9,852.0099999999998,702.7,,0.0,,,,2025-09-13
BINA TPS,Unit 2, ,250.0,4.77,4.68,852.0099999999998,681.28,,0.0,,,,2025-09-13
MAHAN TPP,,,1200.0,22.13,24.659999999999997,3672.6900000000014,3397.75,5.0,0.0,,,,2025-09-13
MAHAN TPP,Unit 1, ,600.0,11.2,12.29,1710.6000000000006,1320.92,,0.0,,,,2025-09-13
MAHAN TPP,Unit 2, ,600.0,10.93,12.37,1962.0900000000008,2076.83,,0.0,,,,2025-09-13
NIGRI TPP,,,1320.0,24.73,29.47,4436.49,4796.5,19.0,0.0,,,,2025-09-13
NIGRI TPP,Unit 1, ,660.0,12.23,14.6,2192.9900000000002,2459.08,,0.0,,,,2025-09-13
NIGRI TPP,Unit 2, ,660.0,12.5,14.87,2243.5,2337.42,,0.0,,,,2025-09-13
NIWARI TPP,,,90.0,1.63,1.7,275.19000000000017,257.83,64.0,0.0,,,,2025-09-13
NIWARI TPP,Unit 1, ,45.0,0.83,0.84,143.79000000000016,135.41,,0.0,,,,2025-09-13
NIWARI TPP,Unit 2, ,45.0,0.8,0.86,131.40000000000003,122.42,,0.0,,,,2025-09-13
SASAN UMTPP,,,3960.0,76.82,73.44,14323.659999999996,13494.04,8.0,660.0,,,,2025-09-13
SASAN UMTPP,Unit 1, ,660.0,15.33,14.68,2547.289999999999,2369.8,,0.0,,,,2025-09-13
SASAN UMTPP,Unit 2,*,660.0,0.0,0.11,2118.0,2322.05,,660.0,45912.65625,13/09/2025 22:59:00,ECONOMISER TUBE LEAKAGE,2025-09-13
SASAN UMTPP,Unit 3, ,660.0,15.33,15.07,2547.289999999999,2482.65,,0.0,,,,2025-09-13
SASAN UMTPP,Unit 4, ,660.0,15.33,14.39,2547.289999999999,2339.77,,0.0,,,,2025-09-13
SASAN UMTPP,Unit 5, ,660.0,15.33,14.59,2547.289999999999,2202.26,,0.0,,,,2025-09-13
SASAN UMTPP,Unit 6, ,660.0,15.5,14.6,2016.5,1777.51,,0.0,,,,2025-09-13
MAHESHWAR HPS,,,0.0,0.0,0.0,0.0,0.0,,0.0,,,,2025-09-13
GADARWARA TPP,,,1600.0,29.33,31.78,4196.289999999999,3705.5,12.0,0.0,,,,2025-09-13
GADARWARA TPP,Unit 1, ,800.0,15.0,16.23,1631.0,1491.65,,0.0,,,,2025-09-13
GADARWARA TPP,Unit 2, ,800.0,14.33,15.55,2565.289999999999,2213.85,,0.0,,,,2025-09-13
KHARGONE STPP,,,1320.0,21.63,21.58,3142.1900000000014,3033.3,28.0,0.0,,,,2025-09-13
KHARGONE STPP,Unit 1, ,660.0,10.93,10.72,1259.0900000000008,1176.39,,0.0,,,,2025-09-13
KHARGONE STPP,Unit 2, ,660.0,10.7,10.86,1883.1000000000006,1856.91,,0.0,,,,2025-09-13
SEIONI TPP,,,600.0,9.67,11.64,1704.710000000001,1776.46,11.0,0.0,,,,2025-09-13
SEIONI TPP,Unit 1, ,600.0,9.67,11.64,1704.710000000001,1776.46,,0.0,,,,2025-09-13
VINDHYACHAL STPS,,,4760.0,109.25,87.55000000000001,17040.249999999996,15021.390000000001,10.0,420.0,,,,2025-09-13
VINDHYACHAL STPS,Unit 1, ,210.0,4.83,4.3,805.7900000000005,724.94,,0.0,,,,2025-09-13
VINDHYACHAL STPS,Unit 2,S,210.0,4.87,0.14,631.3100000000001,550.51,,210.0,45913.01875,,WATER WALL TUBE LEAKAGE,2025-09-13
VINDHYACHAL STPS,Unit 3, ,210.0,4.87,4.21,806.3100000000001,666.14,,0.0,,,,2025-09-13
VINDHYACHAL STPS,Unit 4, ,210.0,4.87,4.2,806.3100000000001,715.04,,0.0,,,,2025-09-13
VINDHYACHAL STPS,Unit 5, ,210.0,4.87,4.19,806.3100000000001,689.73,,0.0,,,,2025-09-13
VINDHYACHAL STPS,Unit 6,P,210.0,4.86,0.0,806.1800000000002,679.16,,210.0,45911.04861111111,14/09/2025,OVERHAULING WORKS,2025-09-13
VINDHYACHAL STPS,Unit 7, ,500.0,11.5,10.15,1905.5,1642.33,,0.0,,,,2025-09-13
VINDHYACHAL STPS,Unit 8, ,500.0,11.37,10.22,1889.8099999999986,1703.99,,0.0,,,,2025-09-13
VINDHYACHAL STPS,Unit 9, ,500.0,11.37,9.97,1489.8099999999986,1251.17,,0.0,,,,2025-09-13
VINDHYACHAL STPS,Unit 10, ,500.0,11.37,9.92,1889.8099999999986,1696.82,,0.0,,,,2025-09-13
VINDHYACHAL STPS,Unit 11, ,500.0,11.57,10.26,1400.4099999999992,1319.46,,0.0,,,,2025-09-13
VINDHYACHAL STPS,Unit 12, ,500.0,11.5,10.06,1909.5,1697.95,,0.0,,,,2025-09-13
VINDHYACHAL STPS,Unit 13, ,500.0,11.4,9.93,1893.2000000000012,1684.15,,0.0,,,,2025-09-13
INDIRA SAGAR  HPS,,,1000.0,18.17,26.23,1306.210000000001,2116.2599999999998,,0.0,,,,2025-09-13
OMKARESHWAR  HPS,,,520.0,8.33,13.120000000000001,658.2900000000005,1072.95,,0.0,,,,2025-09-13
MAHARASHTRA,,,,,,,,,,,,,2025-09-13
BHUSAWAL TPS,,,1870.0,29.700000000000003,31.33,4960.1,4701.65,10.0,0.0,,,,2025-09-13
BHUSAWAL TPS,Unit 3,*,210.0,2.7,2.76,391.09999999999985,182.8,,0.0,45913.145833333336,13/09/2025 06:22:00,FURNACE FIRE OUT /FLAME FAILURE,2025-09-13
BHUSAWAL TPS,Unit 4, ,500.0,8.6,8.33,1544.7999999999988,1281.94,,0.0,,,,2025-09-13
BHUSAWAL TPS,Unit 5, ,500.0,9.27,7.84,1411.5099999999998,1293.16,,0.0,,,,2025-09-13
BHUSAWAL TPS,Unit 6, ,660.0,9.13,12.4,1612.6900000000014,1943.75,,0.0,,,,2025-09-13
CHANDRAPUR(MAHARASHTRA) STPS,,,2920.0,39.43,36.28999999999999,7994.589999999998,6457.77,6.0,420.0,,,,2025-09-13
CHANDRAPUR(MAHARASHTRA) STPS,Unit 3,L,210.0,3.13,0.0,550.6899999999999,496.79,,210.0,45898.19236111111,,COAL FEEDING SYSTEM FAILURE.,2025-09-13
CHANDRAPUR(MAHARASHTRA) STPS,Unit 4,P,210.0,3.63,0.0,554.1899999999999,388.57,,210.0,45884.63402777778,,ANNUAL MAINTENANCE,2025-09-13
CHANDRAPUR(MAHARASHTRA) STPS,Unit 5, ,500.0,8.4,6.93,1258.2000000000012,1212.96,,0.0,,,,2025-09-13
CHANDRAPUR(MAHARASHTRA) STPS,Unit 6, ,500.0,7.57,7.13,1337.4099999999992,1265.46,,0.0,,,,2025-09-13
CHANDRAPUR(MAHARASHTRA) STPS,Unit 7, ,500.0,0.0,5.81,1321.0,1244.86,,0.0,,,,2025-09-13
CHANDRAPUR(MAHARASHTRA) STPS,Unit 8, ,500.0,8.1,7.72,1428.2999999999988,1477.71,,0.0,,,,2025-09-13
CHANDRAPUR(MAHARASHTRA) STPS,Unit 9, ,500.0,8.6,8.7,1544.7999999999988,371.42,,0.0,,,,2025-09-13
KHAPARKHEDA TPS,,,1340.0,20.14,21.51,4038.8199999999983,3094.83,11.0,0.0,,,,2025-09-13
KHAPARKHEDA TPS,Unit 1, ,210.0,3.37,2.84,588.8100000000001,532.98,,0.0,,,,2025-09-13
KHAPARKHEDA TPS,Unit 2, ,210.0,3.5,2.89,525.5,592.6,,0.0,,,,2025-09-13
KHAPARKHEDA TPS,Unit 3, ,210.0,3.9,3.06,702.6999999999997,610.91,,0.0,,,,2025-09-13
KHAPARKHEDA TPS,Unit 4, ,210.0,0.0,3.13,538.0,555.35,,0.0,,,,2025-09-13
KHAPARKHEDA TPS,Unit 5, ,500.0,9.37,9.59,1683.8099999999986,802.99,,0.0,,,,2025-09-13
KORADI TPS,,,2190.0,37.5,33.93,5758.5,5304.94,22.0,210.0,,,,2025-09-13
KORADI TPS,Unit 6,P,210.0,3.83,0.0,565.7900000000005,476.77,,210.0,45892.96944444445,17/09/2025,ANNUAL MAINTENANCE,2025-09-13
KORADI TPS,Unit 8, ,660.0,11.3,11.89,1516.8999999999994,1151.64,,0.0,,,,2025-09-13
KORADI TPS,Unit 9, ,660.0,11.1,11.03,1655.2999999999997,1908.58,,0.0,,,,2025-09-13
KORADI TPS,Unit 10, ,660.0,11.27,11.01,2020.5099999999998,1767.95,,0.0,,,,2025-09-13
NASIK TPS,,,630.0,5.4,6.66,1342.2000000000003,1248.94,17.0,210.0,,,,2025-09-13
NASIK TPS,Unit 3,S,210.0,0.0,0.0,467.0,426.32,,210.0,45903.75,,FURNACE FIRE OUT /FLAME FAILURE,2025-09-13
NASIK TPS,Unit 4, ,210.0,2.8,3.52,416.40000000000015,423.07,,0.0,,,,2025-09-13
NASIK TPS,Unit 5, ,210.0,2.6,3.14,458.8000000000003,399.55,,0.0,,,,2025-09-13
PARAS TPS,,,500.0,9.83,4.25,1550.7900000000004,1290.1100000000001,22.0,250.0,,,,2025-09-13
PARAS TPS,Unit 3, ,250.0,4.7,4.25,840.1000000000006,677.76,,0.0,,,,2025-09-13
PARAS TPS,Unit 4,P,250.0,5.13,0.0,710.6899999999999,612.35,,250.0,45892.10277777778,,CAPITAL MAINTENANCE,2025-09-13
PARLI TPS,,,750.0,7.33,11.82,1817.289999999999,1431.3,19.0,0.0,,,,2025-09-13
PARLI TPS,Unit 6, ,250.0,3.4,4.04,599.1999999999997,491.18,,0.0,,,,2025-09-13
PARLI TPS,Unit 7, ,250.0,3.93,3.97,587.0899999999993,547.84,,0.0,,,,2025-09-13
PARLI TPS,Unit 8, ,250.0,0.0,3.81,631.0,392.28,,0.0,,,,2025-09-13
URAN CCPP,,,672.0,3.24,6.880000000000001,941.1200000000001,1087.44,,444.0,,,,2025-09-13
BHIRA TAIL RACE  HPS,,,80.0,0.3,0.38,42.89999999999996,53.349999999999994,,0.0,,,,2025-09-13
GHATGHAR  PSS  HPS,,,250.0,1.17,0.36,191.20999999999984,54.790000000000006,,125.0,,,,2025-09-13
KOYNA DPH  HPS,,,36.0,0.27,0.86,63.51000000000004,93.78999999999999,,0.0,,,,2025-09-13
KOYNA-I&II HPS,,,600.0,1.37,2.13,389.81000000000006,447.35999999999996,,80.0,,,,2025-09-13
KOYNA-III  HPS,,,320.0,1.3,1.69,268.90000000000015,306.58000000000004,,0.0,,,,2025-09-13
KOYNA-IV  HPS,,,1000.0,4.5,3.9899999999999998,721.5,794.5799999999999,,0.0,,,,2025-09-13
PENCH HPS,,,160.0,2.1,3.26,128.29999999999993,81.46000000000001,,0.0,,,,2025-09-13
TILLARI HPS,,,60.0,0.17,0.01,52.21000000000002,59.09,,0.0,,,,2025-09-13
VAITARNA HPS,,,60.0,0.1,0.0,81.29999999999993,95.52,,0.0,,,,2025-09-13
ADANI POWER LIMITED TIRODA TPP,,,3300.0,65.68,57.080000000000005,10416.240000000003,9383.36,2.0,0.0,,,,2025-09-13
ADANI POWER LIMITED TIRODA TPP,Unit 1, ,660.0,13.92,11.55,1829.3600000000006,1637.1,,0.0,,,,2025-09-13
ADANI POWER LIMITED TIRODA TPP,Unit 2, ,660.0,12.23,10.26,2197.9900000000002,1961.96,,0.0,45913.99930555555,,Fuel Shortage,2025-09-13
ADANI POWER LIMITED TIRODA TPP,Unit 3, ,660.0,13.8,11.78,2293.4000000000024,2073.25,,0.0,,,,2025-09-13
ADANI POWER LIMITED TIRODA TPP,Unit 4, ,660.0,13.5,11.84,1897.5,1664.02,,0.0,,,,2025-09-13
ADANI POWER LIMITED TIRODA TPP,Unit 5, ,660.0,12.23,11.65,2197.9900000000002,2047.03,,0.0,,,,2025-09-13
AMRAVATI TPS,,,1350.0,22.17,20.99,4254.210000000001,4305.96,22.0,540.0,,,,2025-09-13
AMRAVATI TPS,Unit 1, ,270.0,5.47,6.28,878.1100000000004,860.64,,0.0,,,,2025-09-13
AMRAVATI TPS,Unit 2, ,270.0,5.57,6.3,919.4100000000007,904.1,,0.0,,,,2025-09-13
AMRAVATI TPS,Unit 3, ,270.0,5.6,6.3,939.8000000000003,1020.68,,0.0,,,,2025-09-13
AMRAVATI TPS,Unit 4,P,270.0,5.53,0.0,692.8899999999996,859.2,,270.0,45892.0,,CAPITAL MAINTENANCE,2025-09-13
AMRAVATI TPS,Unit 5,P,270.0,0.0,2.11,824.0,661.34,,270.0,45913.364583333336,,TURBINE INSPECTION MISC,2025-09-13
BELA TPS,,,270.0,4.93,5.49,884.0899999999993,884.38,4.0,0.0,,,,2025-09-13
BELA TPS,Unit 1, ,270.0,4.93,5.49,884.0899999999993,884.38,,0.0,,,,2025-09-13
BUTIBORI TPP,,,600.0,0.0,5.59,0.0,727.03,16.0,300.0,,,,2025-09-13
BUTIBORI TPP,Unit 1, ,300.0,0.0,3.85,0.0,473.37,,0.0,,,,2025-09-13
BUTIBORI TPP,Unit 2,S,300.0,0.0,1.74,0.0,253.66,,300.0,45913.53680555556,,AIR PREHEATERS PROBLEM,2025-09-13
DAHANU TPS,,,500.0,10.17,8.4,1750.210000000001,1269.49,6.0,0.0,,,,2025-09-13
DAHANU TPS,Unit 1, ,250.0,5.47,4.2,910.1100000000004,557.84,,0.0,,,,2025-09-13
DAHANU TPS,Unit 2, ,250.0,4.7,4.2,840.1000000000006,711.65,,0.0,,,,2025-09-13
DHARIWAL TPP,,,600.0,13.030000000000001,12.510000000000002,2164.3900000000017,2070.78,11.0,0.0,,,,2025-09-13
DHARIWAL TPP,Unit 1, ,300.0,6.63,6.15,1100.1900000000012,1013.33,,0.0,,,,2025-09-13
DHARIWAL TPP,Unit 2, ,300.0,6.4,6.36,1064.2000000000005,1057.45,,0.0,,,,2025-09-13
GEPL TPP Ph-I,,,120.0,0.0,0.0,0.0,0.0,,120.0,,,,2025-09-13
GEPL TPP Ph-I,Unit 1,L,60.0,0.0,0.0,0.0,0.0,,60.0,41454.0,,No Fuel Supply Agreement,2025-09-13
GEPL TPP Ph-I,Unit 2,L,60.0,0.0,0.0,0.0,0.0,,60.0,41445.85208333333,,No Fuel Supply Agreement,2025-09-13
GMR WARORA TPS,,,600.0,12.76,12.8,1845.8799999999999,1917.58,18.0,0.0,,,,2025-09-13
GMR WARORA TPS,Unit 1, ,300.0,6.33,6.39,928.2900000000005,999.4,,0.0,,,,2025-09-13
GMR WARORA TPS,Unit 2, ,300.0,6.43,6.41,917.5899999999993,918.18,,0.0,,,,2025-09-13
JSW RATNAGIRI TPP,,,300.0,5.33,5.46,959.2900000000005,988.55,0.0,0.0,,,,2025-09-13
JSW RATNAGIRI TPP,Unit 1, ,300.0,5.33,5.46,959.2900000000005,988.55,,0.0,,,,2025-09-13
LANCO VIDARBHA TPP,,,0.0,0.0,0.0,0.0,0.0,,0.0,,,,2025-09-13
LANCO VIDARBHA TPP,Unit 1, ,0.0,0.0,0.0,0.0,0.0,,0.0,,,unit not yet commissioned,2025-09-13
MIHAN TPS,,,246.01,0.0,0.0,0.0,0.0,,246.01,,,,2025-09-13
MIHAN TPS,Unit 1,L,61.51,0.0,0.0,0.0,0.0,,61.51,41284.65972222222,,No Fuel Supply Agreement,2025-09-13
MIHAN TPS,Unit 2,L,61.5,0.0,0.0,0.0,0.0,,61.5,41583.49513888889,,No Fuel Supply Agreement,2025-09-13
MIHAN TPS,Unit 3,L,61.5,0.0,0.0,0.0,0.0,,61.5,41435.75,,No Fuel Supply Agreement,2025-09-13
MIHAN TPS,Unit 4,L,61.5,0.0,0.0,0.0,0.0,,61.5,41506.416666666664,,No Fuel Supply Agreement,2025-09-13
NASIK (P) TPS,,,0.0,0.0,0.0,0.0,0.0,,0.0,,,,2025-09-13
NASIK (P) TPS,Unit 1,L,0.0,0.0,0.0,0.0,0.0,,0.0,41702.756944444445,,No Fuel Supply Agreement,2025-09-13
NASIK (P) TPS,Unit 2, ,0.0,0.0,0.0,0.0,0.0,,0.0,42782.03194444445,,NO Power purchase agreement,2025-09-13
NASIK (P) TPS,Unit 3, ,0.0,0.0,0.0,0.0,0.0,,0.0,42839.072916666664,,NO Power purchase agreement,2025-09-13
NASIK (P) TPS,Unit 4, ,0.0,0.0,0.0,0.0,0.0,,0.0,42875.01736111111,,NO Power purchase agreement,2025-09-13
NASIK (P) TPS,Unit 5, ,0.0,0.0,0.0,0.0,0.0,,0.0,42885.64166666667,,NO Power purchase agreement,2025-09-13
SHIRPUR TPP,,,300.0,4.2,5.1899999999999995,736.6000000000006,812.08,23.0,0.0,,,,2025-09-13
SHIRPUR TPP,Unit 1, ,150.0,2.1,2.56,368.3000000000003,362.41,,0.0,,,,2025-09-13
SHIRPUR TPP,Unit 2, ,150.0,2.1,2.63,368.3000000000003,449.67,,0.0,,,,2025-09-13
TROMBAY TPS,,,750.0,11.129999999999999,11.28,1955.6900000000014,1809.93,0.0,0.0,,,,2025-09-13
TROMBAY TPS,Unit 5, ,500.0,6.93,7.5,1219.0900000000008,1199.22,,0.0,,,,2025-09-13
TROMBAY TPS,Unit 8, ,250.0,4.2,3.78,736.6000000000006,610.71,,0.0,,,,2025-09-13
WARDHA WARORA TPP,,,540.0,10.4,9.0,1867.2000000000012,1827.88,27.0,135.0,,,,2025-09-13
WARDHA WARORA TPP,Unit 1,S,135.0,2.6,0.0,466.8000000000003,472.38,,135.0,45911.895833333336,,MAIN STEAM LINE PROBLEM,2025-09-13
WARDHA WARORA TPP,Unit 2, ,135.0,2.6,2.98,466.8000000000003,450.79,,0.0,,,,2025-09-13
WARDHA WARORA TPP,Unit 3, ,135.0,2.6,3.07,466.8000000000003,434.95,,0.0,,,,2025-09-13
WARDHA WARORA TPP,Unit 4, ,135.0,2.6,2.95,466.8000000000003,469.76,,0.0,,,,2025-09-13
MANGAON CCPP,,,0.0,0.0,0.0,0.0,0.0,,0.0,,,,2025-09-13
TROMBAY CCPP,,,180.0,2.87,0.0,401.31000000000006,444.75,,0.0,,,,2025-09-13
BHANDARDHARA  HPS ST-II,,,34.0,0.0,0.0,23.0,21.95,,0.0,,,,2025-09-13
BHIRA   HPS,,,150.0,1.33,1.04,243.29000000000016,210.28,,25.0,,,,2025-09-13
BHIRA PSS  HPS,,,150.0,1.33,2.37,243.29000000000016,289.84,,0.0,,,,2025-09-13
BHIVPURI  HPS,,,75.0,0.27,1.03,111.50999999999995,139.63,,0.0,,,,2025-09-13
KHOPOLI  HPS,,,72.0,0.73,0.59,151.48999999999987,174.28,,48.0,,,,2025-09-13
MAUDA TPS,,,2320.0,40.730000000000004,45.61,7287.49,6587.789999999999,15.0,0.0,,,,2025-09-13
MAUDA TPS,Unit 1, ,500.0,8.7,9.6,1562.1000000000006,1193.29,,0.0,,,,2025-09-13
MAUDA TPS,Unit 2, ,500.0,8.7,9.79,1562.1000000000006,1555.86,,0.0,,,,2025-09-13
MAUDA TPS,Unit 3, ,660.0,11.6,13.14,2058.799999999999,1912.73,,0.0,,,,2025-09-13
MAUDA TPS,Unit 4, ,660.0,11.73,13.08,2104.4900000000002,1925.91,,0.0,,,,2025-09-13
SOLAPUR STPS,,,1320.0,19.3,18.93,3079.8999999999996,2693.24,36.0,0.0,,,,2025-09-13
SOLAPUR STPS,Unit 1, ,660.0,9.8,9.74,1727.3999999999994,1505.98,,0.0,,,,2025-09-13
SOLAPUR STPS,Unit 2, ,660.0,9.5,9.19,1352.5,1187.26,,0.0,,,,2025-09-13
RATNAGIRI CCPP,,,1967.08,5.6,12.74,912.8000000000002,529.12,,1066.0,,,,2025-09-13
TARAPUR,,,1400.0,16.61,23.54,4638.930000000002,3867.19,,320.0,,,,2025-09-13
TARAPUR,Unit 1,P,160.0,3.07,0.0,552.9100000000007,0.0,,160.0,45357.0,,RENOVATION/MODERNISATION WORKS,2025-09-13
TARAPUR,Unit 2,P,160.0,3.07,0.0,552.9100000000007,0.0,,160.0,44025.19305555556,,RENOVATION/MODERNISATION WORKS,2025-09-13
TARAPUR,Unit 3, ,540.0,0.0,12.93,1656.0,2133.94,,0.0,,,,2025-09-13
TARAPUR,Unit 4, ,540.0,10.47,10.61,1877.1100000000004,1733.25,,0.0,,,,2025-09-13
DAMODARAM SANJEEVAIAH TPS,,,2400.0,33.97,22.96,5692.610000000001,5395.370000000001,2.0,800.0,,,,2025-09-13
DAMODARAM SANJEEVAIAH TPS,Unit 1, ,800.0,11.2,9.17,1962.6000000000006,1650.51,,0.0,,,,2025-09-13
DAMODARAM SANJEEVAIAH TPS,Unit 2, ,800.0,11.0,11.33,1964.0,1890.96,,0.0,,,,2025-09-13
DAMODARAM SANJEEVAIAH TPS,Unit 3,*,800.0,11.77,2.46,1766.0099999999998,1853.9,,800.0,45910.955555555556,13/09/2025 16:55:00,WATER WALL TUBE LEAKAGE,2025-09-13
Dr. N.TATA RAO TPS,,,2560.0,38.48,35.47,8126.239999999996,6075.4400000000005,14.0,210.0,,,,2025-09-13
Dr. N.TATA RAO TPS,Unit 1, ,210.0,3.8,3.44,682.3999999999994,487.4,,0.0,,,,2025-09-13
Dr. N.TATA RAO TPS,Unit 2,P,210.0,3.8,0.0,682.3999999999994,492.48,,210.0,45900.00833333333,,ANNUAL MAINTENANCE,2025-09-13
Dr. N.TATA RAO TPS,Unit 3, ,210.0,4.57,3.63,759.4100000000007,634.83,,0.0,,,,2025-09-13
Dr. N.TATA RAO TPS,Unit 4, ,210.0,4.27,3.83,648.5099999999998,587.48,,0.0,,,,2025-09-13
Dr. N.TATA RAO TPS,Unit 5, ,210.0,3.8,2.97,622.3999999999994,625.9,,0.0,,,,2025-09-13
Dr. N.TATA RAO TPS,Unit 6, ,210.0,4.27,3.35,714.5099999999998,489.71,,0.0,,,,2025-09-13
Dr. N.TATA RAO TPS,Unit 7, ,500.0,0.0,9.49,1512.0,1115.26,,0.0,,,,2025-09-13
Dr. N.TATA RAO TPS,Unit 8, ,800.0,13.97,8.76,2504.6099999999974,1642.38,,0.0,,,,2025-09-13
RAYALASEEMA TPS,,,1650.0,24.94,24.68,4883.22,4055.09,13.0,0.0,,,,2025-09-13
RAYALASEEMA TPS,Unit 1, ,210.0,3.87,3.92,685.3100000000001,519.07,,0.0,,,,2025-09-13
RAYALASEEMA TPS,Unit 2, ,210.0,3.7,3.92,541.1000000000003,519.44,,0.0,,,,2025-09-13
RAYALASEEMA TPS,Unit 3, ,210.0,3.87,4.24,687.3100000000001,503.14,,0.0,,,,2025-09-13
RAYALASEEMA TPS,Unit 4, ,210.0,0.0,3.84,577.0,465.36,,0.0,,,,2025-09-13
RAYALASEEMA TPS,Unit 5, ,210.0,3.7,3.97,666.1000000000006,555.66,,0.0,,,,2025-09-13
RAYALASEEMA TPS,Unit 6,*,600.0,9.8,4.79,1726.3999999999994,1492.42,,0.0,45910.90138888889,13/09/2025 11:08:00,FURNACE FIRE OUT /FLAME FAILURE,2025-09-13
JEGURUPADU CCPP PH I,,,235.39999999999998,0.09,0.0,16.17000000000001,0.0,,235.39999999999998,,,,2025-09-13
LOWER SILERU EXTENSION HPS,,,,1.03,0.0,119.39000000000001,0.0,,0.0,,,,2025-09-13
LOWER SILERU  HPS,,,460.0,2.1,3.56,323.3000000000003,552.6700000000001,,0.0,,,,2025-09-13
NAGARJUN SGR RBC EXTN. HPS,,,0.0,0.0,0.0,0.0,0.0,,0.0,,,,2025-09-13
NAGARJUN SGR RBC HPS,,,90.0,0.8,1.59,21.40000000000001,61.56,,0.0,,,,2025-09-13
NAGARJUN SGR  TPD,,,50.0,0.47,0.5,25.109999999999985,34.08,,0.0,,,,2025-09-13
POLAVARAM HPS,,,,0.0,0.0,0.0,0.0,,0.0,,,,2025-09-13
SRISAILAM HPS,,,770.0,7.6,15.3,395.8000000000003,1176.77,,0.0,,,,2025-09-13
UPPER SILERU HPS,,,240.0,1.17,1.08,184.20999999999984,196.32999999999998,,0.0,,,,2025-09-13
PAINAMPURAM TPP,,,1320.0,25.34,25.189999999999998,4320.419999999999,3801.63,24.0,0.0,,,,2025-09-13
PAINAMPURAM TPP,Unit 1, ,660.0,12.77,12.54,2287.0099999999998,1938.3,,0.0,,,,2025-09-13
PAINAMPURAM TPP,Unit 2, ,660.0,12.57,12.65,2033.4099999999992,1863.33,,0.0,,,,2025-09-13
SGPL TPP,,,1320.0,25.54,29.8,4584.0199999999995,4291.2,20.0,0.0,,,,2025-09-13
SGPL TPP,Unit 1, ,660.0,12.77,14.17,2292.0099999999998,2251.0,,0.0,,,,2025-09-13
SGPL TPP,Unit 2, ,660.0,12.77,15.63,2292.0099999999998,2040.2,,0.0,,,,2025-09-13
SIMHAPURI TPS,,,600.0,8.93,9.3,1489.0900000000008,1409.5300000000002,3.0,0.0,,,,2025-09-13
SIMHAPURI TPS,Unit 1, ,150.0,2.3,2.4,329.90000000000015,336.95,,0.0,,,,2025-09-13
SIMHAPURI TPS,Unit 2, ,150.0,2.1,2.35,368.3000000000003,380.44,,0.0,,,,2025-09-13
SIMHAPURI TPS,Unit 3, ,150.0,2.3,2.23,397.90000000000015,329.72,,0.0,,,,2025-09-13
SIMHAPURI TPS,Unit 4, ,150.0,2.23,2.32,392.99000000000024,362.42,,0.0,,,,2025-09-13
THAMMINAPATNAM TPS,,,1000.0,0.54,7.96,93.02000000000008,752.66,0.0,650.0,,,,2025-09-13
THAMMINAPATNAM TPS,Unit 1,S,150.0,0.27,0.0,46.51000000000004,250.35,,150.0,45901.62569444445,,TURBINE MISC. PROBLEM,2025-09-13
THAMMINAPATNAM TPS,Unit 2,L,150.0,0.27,0.0,46.51000000000004,198.0,,150.0,45845.944444444445,,GENERATOR PROTECTION RELAY OPERATION PROBLEM,2025-09-13
THAMMINAPATNAM TPS,Unit 3, ,350.0,0.0,7.96,0.0,295.18,,0.0,,,,2025-09-13
THAMMINAPATNAM TPS,Unit 4,S,350.0,0.0,0.0,0.0,9.13,,350.0,45902.43680555555,,TURBINE VIBRATION HIGH,2025-09-13
VIZAG TPP,,,1040.0,14.870000000000001,11.34,2618.3100000000013,2419.84,13.0,520.0,,,,2025-09-13
VIZAG TPP,Unit 1,S,520.0,7.67,0.0,1351.710000000001,1360.01,,520.0,45902.99375,,ASH HANDLING SYSTEM PROBLEM,2025-09-13
VIZAG TPP,Unit 2, ,520.0,7.2,11.34,1266.6000000000006,1059.83,,0.0,,,,2025-09-13
GAUTAMI CCPP,,,0.0,0.0,0.0,0.0,0.0,,0.0,,,,2025-09-13
GODAVARI CCPP,,,0.0,0.0,0.0,0.0,0.0,,0.0,,,,2025-09-13
GREL CCPP (Rajahmundry),,,768.0,0.0,0.0,0.0,0.0,,768.0,,,,2025-09-13
JEGURUPADU CCPP PH II,,,0.0,0.0,0.0,0.0,0.0,,0.0,,,,2025-09-13
KONASEEMA CCPP,,,0.0,0.0,0.0,0.0,0.0,,0.0,,,,2025-09-13
KONDAPALLI CCPP,,,0.0,0.0,0.0,0.0,0.0,,0.0,,,,2025-09-13
KONDAPALLI EXTN CCPP,,,366.0,0.0,4.42,0.0,290.69,,0.0,,,,2025-09-13
KONDAPALLI ST-3 CCPP,,,0.0,0.0,0.0,0.0,0.0,,0.0,,,,2025-09-13
PEDDAPURAM CCPP,,,0.0,0.0,0.0,0.0,0.0,,0.0,,,,2025-09-13
VEMAGIRI CCPP,,,370.0,0.0,0.0,0.0,0.0,,137.0,,,,2025-09-13
VIJJESWARAM CCPP,,,0.0,0.0,0.0,0.0,0.0,,0.0,,,,2025-09-13
LVS POWER DG,,,36.8,0.0,0.0,0.0,0.0,,0.0,,,,2025-09-13
PINNAPURAM HPS,,,1440.0,7.27,6.84,698.5099999999998,714.94,,240.0,,,,2025-09-13
SIMHADRI,,,2000.0,34.5,28.78,5767.5,5156.0599999999995,31.0,500.0,,,,2025-09-13
SIMHADRI,Unit 1,S,500.0,8.33,0.0,1481.289999999999,1396.91,,500.0,45912.356944444444,14/09/2025,WATER WALL TUBE LEAKAGE,2025-09-13
SIMHADRI,Unit 2, ,500.0,8.47,9.6,1497.1100000000004,1330.12,,0.0,,,,2025-09-13
SIMHADRI,Unit 3, ,500.0,9.0,9.71,1224.0,1116.92,,0.0,,,,2025-09-13
SIMHADRI,Unit 4, ,500.0,8.7,9.47,1565.1000000000006,1312.11,,0.0,,,,2025-09-13
BELLARY TPS,,,1700.0,14.1,19.28,3967.299999999999,3489.9300000000003,18.0,700.0,,,,2025-09-13
BELLARY TPS,Unit 1, ,500.0,6.8,9.61,1197.3999999999994,1193.65,,0.0,,,,2025-09-13
BELLARY TPS,Unit 2, ,500.0,7.3,9.67,1287.8999999999994,1328.82,,0.0,,,,2025-09-13
BELLARY TPS,Unit 3,P,700.0,0.0,0.0,1482.0,967.46,,700.0,45859.98263888889,,BOILER OVERHAUL/ ANNUAL MAINTENANCE,2025-09-13
RAICHUR TPS,,,1720.0,24.320000000000004,23.259999999999998,4155.16,2649.0499999999997,11.0,630.0,,,,2025-09-13
RAICHUR TPS,Unit 1,L,210.0,0.0,0.0,0.0,0.0,,210.0,45366.0,,COAL FEEDING SYSTEM FAILURE.,2025-09-13
RAICHUR TPS,Unit 2,P,210.0,3.6,0.0,631.8000000000003,299.04,,210.0,45879.450694444444,,BOILER OVERHAUL/ ANNUAL MAINTENANCE,2025-09-13
RAICHUR TPS,Unit 3, ,210.0,3.43,5.06,514.59,239.74,,0.0,,,,2025-09-13
RAICHUR TPS,Unit 4, ,210.0,3.6,4.68,639.8000000000003,221.05,,0.0,,,,2025-09-13
RAICHUR TPS,Unit 5, ,210.0,3.63,4.48,650.1899999999999,402.28,,0.0,,,,2025-09-13
RAICHUR TPS,Unit 6, ,210.0,3.03,4.27,535.3899999999996,356.69,,0.0,,,,2025-09-13
RAICHUR TPS,Unit 7,S,210.0,3.1,0.0,481.3000000000003,377.83,,210.0,45911.68125,,WATER CONDCUTOR SYSTEM,2025-09-13
RAICHUR TPS,Unit 8, ,250.0,3.93,4.77,702.0899999999993,752.42,,0.0,,,,2025-09-13
YERMARUS TPP,,,1600.0,22.77,13.78,3989.0099999999998,2390.41,27.0,800.0,,,,2025-09-13
YERMARUS TPP,Unit 1, ,800.0,11.37,13.78,1990.8099999999986,1178.81,,0.0,,,,2025-09-13
YERMARUS TPP,Unit 2,S,800.0,11.4,0.0,1998.2000000000012,1211.6,,800.0,45910.42152777778,,BOILER MISC. PROBLEM,2025-09-13
YELAHANKA CCPP,,,370.04999999999995,2.63,3.69,463.18999999999994,224.65,,0.0,,,,2025-09-13
ALMATTI DPH  HPS,,,290.0,3.83,2.27,244.79000000000016,483.94,,0.0,,,,2025-09-13
BHADRA  HPS,,,26.0,0.27,0.25,18.509999999999994,38.980000000000004,,2.0,,,,2025-09-13
GERUSUPPA  HPS,,,240.0,1.7,1.62,252.09999999999985,335.73,,0.0,,,,2025-09-13
GHAT PRABHA  HPS,,,32.0,0.27,0.33,22.509999999999994,48.620000000000005,,16.0,,,,2025-09-13
HAMPI  HPS,,,36.0,0.4,0.48,22.19999999999998,34.36,,0.0,,,,2025-09-13
JOG  HPS,,,139.2,1.5,2.2199999999999998,250.5,295.05999999999995,,13.2,,,,2025-09-13
KADRA  HPS,,,150.0,2.07,0.79,275.9099999999999,301.03,,0.0,,,,2025-09-13
KALINADI  HPS,,,900.0,7.7,14.049999999999999,1430.1000000000006,1762.03,,300.0,,,,2025-09-13
KALINADI SUPA  HPS,,,100.0,1.5,2.52,201.5,274.47,,0.0,,,,2025-09-13
KODASALI  HPS,,,120.0,1.3,1.2799999999999998,208.90000000000015,252.18,,0.0,,,,2025-09-13
LIGANAMAKKI  HPS,,,55.0,0.7,0.65,70.10000000000004,64.86,,27.5,,,,2025-09-13
MUNIRABAD  HPS,,,28.0,0.67,0.48000000000000004,32.71000000000002,47.31,,0.0,,,,2025-09-13
SHARAVATHI HPS,,,1035.0,13.2,18.67,2056.6000000000004,2643.3399999999997,,207.0,,,,2025-09-13
SIVASAMUNDRUM HPS,,,42.0,0.9,0.53,99.70000000000007,79.39,,15.0,,,,2025-09-13
T B  DAM HPS,,,36.0,0.4,0.65,22.19999999999998,49.019999999999996,,9.0,,,,2025-09-13
VARAHI HPS,,,460.0,2.67,5.33,523.7099999999999,824.51,,115.0,,,,2025-09-13
ADANI POWER LIMITED UDUPI TPP,,,1200.0,14.14,26.02,2492.8199999999983,1760.02,0.0,0.0,,,,2025-09-13
ADANI POWER LIMITED UDUPI TPP,Unit 1, ,600.0,7.27,13.9,1285.5099999999998,951.01,,0.0,,,,2025-09-13
ADANI POWER LIMITED UDUPI TPP,Unit 2, ,600.0,6.87,12.12,1207.3099999999986,809.01,,0.0,,,,2025-09-13
TORANGALLU TPS(SBU-I),,,260.0,4.66,5.32,846.5799999999996,880.4300000000001,0.0,0.0,,,,2025-09-13
TORANGALLU TPS(SBU-I),Unit 1, ,130.0,2.33,2.88,423.2899999999998,427.89,,0.0,,,,2025-09-13
TORANGALLU TPS(SBU-I),Unit 2, ,130.0,2.33,2.44,423.2899999999998,452.54,,0.0,,,,2025-09-13
TORANGALLU TPS(SBU-II),,,600.0,4.2,6.22,1235.6000000000006,1653.8899999999999,0.0,300.0,,,,2025-09-13
TORANGALLU TPS(SBU-II),Unit 3,L,300.0,0.0,0.0,501.0,787.92,,300.0,45893.760416666664,,RSD/LOW SCHEDULE,2025-09-13
TORANGALLU TPS(SBU-II),Unit 4, ,300.0,4.2,6.22,734.6000000000006,865.97,,0.0,,,,2025-09-13
BELLARY DG,,,25.2,0.0,0.0,0.0,0.0,,0.0,,,,2025-09-13
KUDGI STPP,,,2400.0,35.0,23.08,5551.0,3392.7,36.0,800.0,,,,2025-09-13
KUDGI STPP,Unit 1, ,800.0,11.5,11.57,2023.5,1028.63,,0.0,,,,2025-09-13
KUDGI STPP,Unit 2,P,800.0,12.0,0.0,1505.0,672.98,,800.0,45874.0,,BOILER OVERHAUL/ ANNUAL MAINTENANCE,2025-09-13
KUDGI STPP,Unit 3, ,800.0,11.5,11.51,2022.5,1691.09,,0.0,,,,2025-09-13
KAIGA,,,880.0,12.73,16.72,2104.4900000000002,2481.86,,220.0,,,,2025-09-13
KAIGA,Unit 1,P,220.0,0.0,0.0,0.0,0.0,,220.0,45747.96597222222,,MISCELLANEOUS PLANNED MAINTENANCE,2025-09-13
KAIGA,Unit 2, ,220.0,4.23,5.3,762.9900000000002,801.62,,0.0,,,,2025-09-13
KAIGA,Unit 3, ,220.0,4.27,5.71,578.5099999999998,732.55,,0.0,,,,2025-09-13
KAIGA,Unit 4, ,220.0,4.23,5.71,762.9900000000002,947.69,,0.0,,,,2025-09-13
BRAMHAPURAM DG,,,63.96,0.0,0.0,0.0,0.0,,0.0,,,,2025-09-13
KOZHIKODE DG,,,96.0,0.0,0.0,0.0,0.0,,0.0,,,,2025-09-13
IDAMALAYAR HPS,,,75.0,0.9,1.74,158.70000000000007,213.68,,37.5,,,,2025-09-13
IDUKKI HPS,,,780.0,5.0,9.53,1210.0,1940.8300000000002,,130.0,,,,2025-09-13
KAKKAD HPS,,,50.0,0.77,0.6799999999999999,124.00999999999995,131.83,,0.0,,,,2025-09-13
KUTTIYADI ADDL EXTN,,,100.0,1.2,2.4,184.59999999999985,241.92000000000002,,0.0,,,,2025-09-13
KUTTIYADI EXTN HPS,,,50.0,0.6,1.18,92.79999999999993,148.1,,0.0,,,,2025-09-13
KUTTIYADI HPS,,,75.0,0.9,1.08,137.70000000000007,138.17000000000002,,25.0,,,,2025-09-13
LOWER PERIYAR HPS,,,180.0,2.9,2.13,356.6999999999997,371.15000000000003,,0.0,,,,2025-09-13
NARIAMANGLAM  HPS,,,52.650000000000006,1.53,0.8999999999999999,182.89000000000001,153.20999999999998,,0.0,,,,2025-09-13
PALLIVASAL EXTN HPS,,,60.0,0.67,1.24,73.71000000000002,184.25,,0.0,,,,2025-09-13
PALLIVASAL HPS,,,37.5,0.5,0.38,84.5,40.379999999999995,,7.5,,,,2025-09-13
PANNIAR HPS,,,30.0,0.6,0.77,90.79999999999993,103.44,,0.0,,,,2025-09-13
PORINGALKUTTU HPS,,,32.0,1.23,0.88,161.98999999999987,100.35999999999999,,0.0,,,,2025-09-13
SABARIGIRI HPS,,,300.0,4.0,4.66,663.0,960.7,,100.0,,,,2025-09-13
SENGULAM HPS,,,48.0,0.7,1.04,62.10000000000004,151.9,,0.0,,,,2025-09-13
SHOLAYAR HPS,,,54.0,0.57,1.3,113.40999999999991,152.51999999999998,,0.0,,,,2025-09-13
THOTTIYAR HPS,,,40.0,0.53,0.39,67.89000000000001,98.47,,0.0,,,,2025-09-13
COCHIN CCPP (Liq.),,,0.0,0.0,0.0,0.0,0.0,,0.0,,,,2025-09-13
R. GANDHI CCPP (Liq.),,,359.58000000000004,0.0,0.0,0.0,0.0,,359.58000000000004,,,,2025-09-13
LAKSHDWEEP DG,,,26.83,0.17,0.16,29.210000000000022,29.78,,0.0,,,,2025-09-13
KARAIKAL CCPP,,,32.5,0.5,0.58,91.5,67.56,,32.5,,,,2025-09-13
ENNORE SCTPP,,,,0.0,0.0,0.0,0.0,,0.0,,,,2025-09-13
ENNORE SCTPP,Unit 1, ,,0.0,0.0,0.0,0.0,,0.0,,,unit not yet commissioned,2025-09-13
METTUR TPS,,,840.0,11.36,11.420000000000002,2439.6800000000003,2102.1400000000003,16.0,210.0,,,,2025-09-13
METTUR TPS,Unit 1, ,210.0,3.73,4.16,609.4900000000002,511.58,,0.0,,,,2025-09-13
METTUR TPS,Unit 2, ,210.0,3.8,4.37,678.3999999999994,721.63,,0.0,,,,2025-09-13
METTUR TPS,Unit 3, ,210.0,3.83,2.89,621.7900000000005,326.73,,0.0,,,,2025-09-13
METTUR TPS,Unit 4,P,210.0,0.0,0.0,530.0,542.2,,210.0,45901.069444444445,,BOILER OVERHAUL/ ANNUAL MAINTENANCE,2025-09-13
METTUR TPS - II,,,600.0,0.0,9.25,1664.0,1484.05,11.0,0.0,,,,2025-09-13
METTUR TPS - II,Unit 1, ,600.0,0.0,9.25,1664.0,1484.05,,0.0,,,,2025-09-13
NORTH CHENNAI TPS,,,1830.0,35.82,15.5,6778.16,3147.4800000000005,6.0,810.0,,,,2025-09-13
NORTH CHENNAI TPS,Unit 1,L,210.0,0.0,0.0,643.0000000000002,222.64,,210.0,45871.93958333333,18/09/2025,REHEATER TUBE LEAKAGE,2025-09-13
NORTH CHENNAI TPS,Unit 2, ,210.0,3.6,3.5,557.8000000000003,494.1,,0.0,,,,2025-09-13
NORTH CHENNAI TPS,Unit 3, ,210.0,3.65,3.57,577.9499999999999,511.67,,0.0,,,,2025-09-13
NORTH CHENNAI TPS,Unit 4, ,600.0,9.87,8.43,1739.3099999999986,937.83,,0.0,,,,2025-09-13
NORTH CHENNAI TPS,Unit 5,S,600.0,9.53,0.0,1630.8899999999996,981.24,,600.0,45911.978472222225,,WATER WALL TUBE LEAKAGE,2025-09-13
NORTH CHENNAI TPS,Unit 6, ,0.0,9.17,0.0,1629.210000000001,0.0,,0.0,,,unit not yet commissioned,2025-09-13
TUTICORIN TPS,,,1050.0,10.86,7.62,2687.4999999999986,1821.27,18.0,630.0,,,,2025-09-13
TUTICORIN TPS,Unit 1,L,210.0,3.56,0.0,556.5999999999995,0.0,,210.0,45731.90972222222,,FIRE IN CABLE GALLERY.,2025-09-13
TUTICORIN TPS,Unit 2,L,210.0,3.53,0.0,545.8899999999996,0.0,,210.0,45731.91736111111,,FIRE IN CABLE GALLERY,2025-09-13
TUTICORIN TPS,Unit 3,P,210.0,0.0,0.0,606.0,600.98,,210.0,45910.77777777778,30/09/2025,BOILER OVERHAUL/ ANNUAL MAINTENANCE,2025-09-13
TUTICORIN TPS,Unit 4, ,210.0,0.0,4.03,490.0,589.48,,0.0,,,,2025-09-13
TUTICORIN TPS,Unit 5, ,210.0,3.77,3.59,489.00999999999976,630.81,,0.0,,,,2025-09-13
UDANGUDI TPP,,,0.0,12.93,0.0,1188.0899999999997,0.0,,0.0,,,,2025-09-13
UDANGUDI TPP,Unit 1, ,0.0,6.4,0.0,908.1999999999997,0.0,,0.0,,,unit not yet commissioned,2025-09-13
UDANGUDI TPP,Unit 2, ,0.0,6.53,0.0,279.88999999999993,0.0,,0.0,,,unit not yet commissioned,2025-09-13
BASIN BRIDGE GT (Liq.),,,120.0,0.0,0.0,0.0,0.0,,90.0,,,,2025-09-13
KOVIKALPAL CCPP,,,107.88,0.0,0.0,0.0,0.0,,107.88,,,,2025-09-13
KUTTALAM CCPP,,,100.0,1.5699999999999998,0.0,276.4099999999999,244.20999999999998,,100.0,,,,2025-09-13
VALUTHUR CCPP,,,186.20000000000002,2.0700000000000003,1.83,394.9100000000001,299.42,,0.0,,,,2025-09-13
ALIYAR  HPS,,,60.0,0.5,0.27,56.5,116.95,,0.0,,,,2025-09-13
BHAWANI BARRAGE-II HPS,,,30.0,0.37,0.59,37.80999999999997,45.78,,0.0,,,,2025-09-13
BHAWANI BARRAGE-III HPS,,,30.0,0.3,0.38,26.90000000000001,32.17,,0.0,,,,2025-09-13
BHAWANI KATTAL,,,30.0,0.23,0.44,23.990000000000006,58.260000000000005,,0.0,,,,2025-09-13
KADAMPARI HPS,,,400.0,1.33,0.2,205.29000000000016,127.75999999999999,,300.0,,,,2025-09-13
KODAYAR-I HPS,,,60.0,0.23,0.0,9.990000000000006,0.0,,60.0,,,,2025-09-13
KODAYAR-II HPS,,,40.0,0.27,0.19,25.509999999999994,34.16,,0.0,,,,2025-09-13
KUNDAH-I HPS,,,60.0,0.63,0.29,111.18999999999994,94.13,,0.0,,,,2025-09-13
KUNDAH-II HPS,,,175.0,1.37,2.1,224.81000000000006,369.27,,0.0,,,,2025-09-13
KUNDAH-III HPS,,,180.0,1.0,1.29,161.0,224.07,,0.0,,,,2025-09-13
KUNDAH-IV HPS,,,100.0,0.4,0.15,74.20000000000007,115.78,,0.0,,,,2025-09-13
KUNDAH PSP,,,,0.0,0.0,0.0,0.0,,0.0,,,,2025-09-13
KUNDAH-V HPS,,,40.0,0.13,0.06,20.689999999999987,59.09,,0.0,,,,2025-09-13
LOWER METTUR-I HPS,,,30.0,0.37,0.5900000000000001,35.809999999999974,42.96,,0.0,,,,2025-09-13
LOWER METTUR-II HPS,,,30.0,0.37,0.56,34.80999999999999,45.5,,0.0,,,,2025-09-13
LOWER METTUR-III HPS,,,30.0,0.33,0.56,33.28999999999998,40.64,,0.0,,,,2025-09-13
LOWER METTUR-IV HPS,,,30.0,0.27,0.45,27.509999999999994,27.11,,0.0,,,,2025-09-13
METTUR DAM HPS,,,50.0,0.6,0.97,67.79999999999997,108.58,,0.0,,,,2025-09-13
METTUR TUNNEL HPS,,,200.0,2.4,3.4800000000000004,192.20000000000007,345.06,,0.0,,,,2025-09-13
MOYAR  HPS,,,36.0,0.2,0.33,32.6,43.42,,0.0,,,,2025-09-13
PAPANASAM HPS,,,32.0,0.43,0.54,52.589999999999996,80.25,,0.0,,,,2025-09-13
PARSON`S VALLEY HPS,,,30.0,0.1,0.3,15.299999999999995,24.29,,0.0,,,,2025-09-13
PERIYAR HPS,,,161.0,2.17,2.21,178.20999999999984,334.2,,0.0,,,,2025-09-13
PYKARA HPS,,,59.2,0.1,0.17,18.30000000000002,23.15,,0.0,,,,2025-09-13
PYKARA ULTMATE HPS,,,150.0,0.9,0.86,139.70000000000007,280.57,,0.0,,,,2025-09-13
SARKARPATHY HPS,,,30.0,0.33,0.48,35.28999999999998,69.45,,0.0,,,,2025-09-13
SHOLAYAR HPS (TN),,,70.0,1.67,1.02,101.71000000000002,230.72,,0.0,,,,2025-09-13
SURULIYAR HPS,,,35.0,0.3,0.56,20.90000000000001,57.74,,0.0,,,,2025-09-13
ITPCL TPP,,,1200.0,20.939999999999998,12.56,3382.2200000000007,3288.83,0.0,600.0,,,,2025-09-13
ITPCL TPP,Unit 1, ,600.0,10.27,12.56,1483.5099999999998,2024.87,,0.0,,,,2025-09-13
ITPCL TPP,Unit 2,P,600.0,10.67,0.0,1898.710000000001,1263.96,,600.0,45870.066666666666,,CAPITAL MAINTENANCE,2025-09-13
MUTHIARA TPP,,,1200.0,14.370000000000001,10.45,2263.8100000000013,1771.0300000000002,17.0,600.0,,,,2025-09-13
MUTHIARA TPP,Unit 1,L,600.0,7.2,0.0,1007.6000000000006,809.32,,600.0,45870.955555555556,,AIR PREHEATERS PROBLEM,2025-09-13
MUTHIARA TPP,Unit 2, ,600.0,7.17,10.45,1256.210000000001,961.71,,0.0,,,,2025-09-13
NEYVELI TPS(Z),,,250.0,4.43,5.18,792.5899999999993,619.88,,0.0,,,,2025-09-13
NEYVELI TPS(Z),Unit 1, ,250.0,4.43,5.18,792.5899999999993,619.88,,0.0,,,,2025-09-13
OPG Power Generation Private Limited,,,414.0,5.1,6.0200000000000005,900.3000000000004,1174.8400000000001,6.0,77.0,,,,2025-09-13
OPG Power Generation Private Limited,Unit 1,L,77.0,0.67,0.0,115.71000000000002,164.73,,77.0,45838.99932870371,,RSD/LOW SCHEDULE,2025-09-13
OPG Power Generation Private Limited,Unit 2, ,77.0,1.03,1.35,183.39000000000001,249.66,,0.0,,,,2025-09-13
OPG Power Generation Private Limited,Unit 3, ,80.0,0.8,1.18,140.40000000000015,188.11,,0.0,,,,2025-09-13
OPG Power Generation Private Limited,Unit 4, ,180.0,2.6,3.49,460.8000000000003,572.34,,0.0,,,,2025-09-13
TCP Limited,,,63.5,0.4,0.0,69.20000000000007,0.0,0.0,63.5,,,,2025-09-13
TCP Limited,Unit 1,P,63.5,0.4,0.0,69.20000000000007,0.0,,63.5,44393.222916666666,,MISCELLANEOUS PLANNED MAINTENANCE,2025-09-13
TUTICORIN (P) TPP,,,300.0,0.0,0.0,0.0,0.0,,300.0,,,,2025-09-13
TUTICORIN (P) TPP,Unit 1,L,150.0,0.0,0.0,0.0,0.0,,150.0,42463.021527777775,,No Fuel Supply Agreement,2025-09-13
TUTICORIN (P) TPP,Unit 2,L,150.0,0.0,0.0,0.0,0.0,,150.0,42476.07083333333,,No Fuel Supply Agreement,2025-09-13
TUTICORIN TPP ST-IV,,,525.0,8.93,9.59,1143.0900000000008,935.83,0.0,0.0,,,,2025-09-13
TUTICORIN TPP ST-IV,Unit 1, ,525.0,8.93,9.59,1143.0900000000008,935.83,,0.0,,,,2025-09-13
KARUPPUR CCPP,,,0.0,0.0,0.0,0.0,0.0,,0.0,,,,2025-09-13
P.NALLUR CCPP,,,330.5,0.13,0.0,22.689999999999987,0.0,,330.5,,,,2025-09-13
VALANTARVY CCPP,,,0.0,0.0,0.0,0.0,0.0,,0.0,,,,2025-09-13
SAMALPATTI DG,,,105.7,0.0,0.0,0.0,0.0,,0.0,,,,2025-09-13
SAMAYANALLUR DG,,,106.001,0.0,0.0,0.0,0.0,,0.0,,,,2025-09-13
NEYVELI ( EXT) TPS,,,420.0,9.24,3.83,1330.1200000000001,1139.4,,210.0,,,,2025-09-13
NEYVELI ( EXT) TPS,Unit 1,P,210.0,4.67,0.0,573.7099999999995,549.07,,210.0,45894.274305555555,,ANNUAL MAINTENANCE,2025-09-13
NEYVELI ( EXT) TPS,Unit 2, ,210.0,4.57,3.83,756.4100000000007,590.33,,0.0,,,,2025-09-13
NEYVELI NEW TPP,,,1000.0,19.36,16.1,3135.6799999999985,2464.49,,0.0,,,,2025-09-13
NEYVELI NEW TPP,Unit 1,*,500.0,8.83,5.41,1372.789999999999,1477.61,,0.0,45909.095138888886,13/09/2025 07:48:00,BOILER AUX. MISC. PROMLEMS,2025-09-13
NEYVELI NEW TPP,Unit 2, ,500.0,10.53,10.69,1762.8899999999996,986.88,,0.0,,,,2025-09-13
NEYVELI TPS-II,,,1470.0,21.389999999999997,14.889999999999999,4151.07,2254.4399999999996,,420.0,,,,2025-09-13
NEYVELI TPS-II,Unit 1, ,210.0,0.0,3.33,615.0,404.39,,0.0,,,,2025-09-13
NEYVELI TPS-II,Unit 2,L,210.0,3.67,0.0,657.7099999999995,306.73,,210.0,45887.72222222222,,MILLING SYSTEM /RC FEEDER PROBLEM,2025-09-13
NEYVELI TPS-II,Unit 3, ,210.0,3.63,3.44,652.1899999999999,284.18,,0.0,,,,2025-09-13
NEYVELI TPS-II,Unit 4,*,210.0,3.63,0.42,652.1899999999999,139.95,,210.0,45852.0,13/09/2025 19:47:00,BOILER OVERHAUL/ ANNUAL MAINTENANCE,2025-09-13
NEYVELI TPS-II,Unit 5, ,210.0,3.43,2.24,508.5900000000001,366.07,,0.0,,,,2025-09-13
NEYVELI TPS-II,Unit 6, ,210.0,3.4,2.29,605.1999999999997,393.65,,0.0,,,,2025-09-13
NEYVELI TPS-II,Unit 7, ,210.0,3.63,3.17,460.18999999999994,359.47,,0.0,,,,2025-09-13
NEYVELI TPS-II EXP,,,500.0,6.1,8.98,962.3000000000003,546.58,,0.0,,,,2025-09-13
NEYVELI TPS-II EXP,Unit 1, ,250.0,3.23,5.25,539.9900000000002,211.91,,0.0,,,,2025-09-13
NEYVELI TPS-II EXP,Unit 2, ,250.0,2.87,3.73,422.31000000000006,334.67,,0.0,,,,2025-09-13
NTPL TUTICORIN  TPP,,,1000.0,19.27,16.41,3070.5099999999998,2382.6,13.0,0.0,,,,2025-09-13
NTPL TUTICORIN  TPP,Unit 1, ,500.0,9.7,8.21,1426.1000000000006,1189.76,,0.0,,,,2025-09-13
NTPL TUTICORIN  TPP,Unit 2, ,500.0,9.57,8.2,1644.4099999999992,1192.84,,0.0,,,,2025-09-13
VALLUR TPP,,,1500.0,27.629999999999995,25.9,4768.190000000001,3538.0499999999997,24.0,0.0,,,,2025-09-13
VALLUR TPP,Unit 1, ,500.0,9.17,8.52,1649.210000000001,1323.37,,0.0,,,,2025-09-13
VALLUR TPP,Unit 2, ,500.0,8.2,8.61,1404.6000000000006,1239.12,,0.0,,,,2025-09-13
VALLUR TPP,Unit 3, ,500.0,10.26,8.77,1714.3799999999999,975.56,,0.0,,,,2025-09-13
BHAVINI PFBR ,,,,0.0,0.0,0.0,0.0,,0.0,,,,2025-09-13
BHAVINI PFBR ,Unit 1, ,,0.0,0.0,0.0,0.0,,0.0,,,unit not yet commissioned,2025-09-13
KUDANKULAM,,,2000.0,18.67,24.57,5641.710000000001,7016.04,,1000.0,,,,2025-09-13
KUDANKULAM,Unit 1,P,1000.0,0.0,0.0,2304.0,2977.84,,1000.0,45872.0,30/09/2025,ANNUAL MAINTENANCE,2025-09-13
KUDANKULAM,Unit 2, ,1000.0,18.67,24.57,3337.710000000001,4038.2,,0.0,,,,2025-09-13
MADRAS  A.P.S.,,,440.0,0.0,0.0,696.0,771.41,,440.0,,,,2025-09-13
MADRAS  A.P.S.,Unit 1,L,220.0,0.0,0.0,0.0,0.0,,220.0,43130.6875,,REACTOR MAINTENANCE WORKS.,2025-09-13
MADRAS  A.P.S.,Unit 2,P,220.0,0.0,0.0,696.0,771.41,,220.0,45901.00880787037,01/11/2025,ANNUAL MAINTENANCE,2025-09-13
BHADRADRI TPP,,,1080.0,18.439999999999998,17.37,3183.7199999999993,2689.91,14.0,0.0,,,,2025-09-13
BHADRADRI TPP,Unit 1, ,270.0,4.5,4.29,791.5,630.13,,0.0,,,,2025-09-13
BHADRADRI TPP,Unit 2, ,270.0,4.77,4.36,752.0099999999998,634.41,,0.0,,,,2025-09-13
BHADRADRI TPP,Unit 3, ,270.0,4.77,4.33,847.0099999999998,722.36,,0.0,,,,2025-09-13
BHADRADRI TPP,Unit 4, ,270.0,4.4,4.39,793.1999999999997,703.01,,0.0,,,,2025-09-13
KAKATIYA TPS,,,1100.0,20.299999999999997,22.759999999999998,3645.8999999999996,3251.54,17.0,0.0,,,,2025-09-13
KAKATIYA TPS,Unit 1, ,500.0,9.37,9.87,1683.8099999999986,1408.21,,0.0,,,,2025-09-13
KAKATIYA TPS,Unit 2, ,600.0,10.93,12.89,1962.0900000000008,1843.33,,0.0,,,,2025-09-13
KOTHAGUDEM TPS (NEW),,,1000.0,18.77,18.38,3352.0099999999998,2116.6800000000003,34.0,0.0,,,,2025-09-13
KOTHAGUDEM TPS (NEW),Unit 9, ,250.0,4.7,4.84,840.1000000000006,617.44,,0.0,,,,2025-09-13
KOTHAGUDEM TPS (NEW),Unit 10, ,250.0,4.7,4.86,840.1000000000006,585.74,,0.0,,,,2025-09-13
KOTHAGUDEM TPS (NEW),Unit 11, ,500.0,9.37,8.68,1671.8099999999986,913.5,,0.0,,,,2025-09-13
KOTHAGUDEM TPS (STAGE-7),,,800.0,16.37,13.53,2725.8099999999986,1846.55,12.0,0.0,,,,2025-09-13
KOTHAGUDEM TPS (STAGE-7),Unit 12, ,800.0,16.37,13.53,2725.8099999999986,1846.55,,0.0,,,,2025-09-13
RAMAGUNDEM-B TPS,,,62.5,0.0,0.0,0.0,0.0,0.0,62.5,,,,2025-09-13
RAMAGUNDEM-B TPS,Unit 1,L,62.5,0.0,0.0,0.0,0.0,,62.5,45447.85,,COAL FEEDING PROBLEM IN PLANT,2025-09-13
SINGARENI TPP,,,1200.0,25.6,23.049999999999997,3791.7999999999993,3301.17,7.0,0.0,,,,2025-09-13
SINGARENI TPP,Unit 1, ,600.0,13.07,11.52,1699.9099999999992,1454.58,,0.0,,,,2025-09-13
SINGARENI TPP,Unit 2, ,600.0,12.53,11.53,2091.8900000000003,1846.59,,0.0,,,,2025-09-13
YADADRI TPS,,,1600.0,53.5,28.47,7696.499999999999,2116.66,28.0,0.0,,,,2025-09-13
YADADRI TPS,Unit 1, ,800.0,11.6,13.8,2033.7999999999988,803.91,,0.0,,,,2025-09-13
YADADRI TPS,Unit 2, ,800.0,11.53,14.67,2028.8899999999996,1312.75,,0.0,,,,2025-09-13
YADADRI TPS,Unit 3, ,0.0,10.2,0.0,1104.6000000000006,0.0,,0.0,,,unit not yet commissioned,2025-09-13
YADADRI TPS,Unit 4, ,,10.0,0.0,1424.0,0.0,,0.0,,,unit not yet commissioned,2025-09-13
YADADRI TPS,Unit 5, ,,10.17,0.0,1105.2100000000003,0.0,,0.0,,,unit not yet commissioned,2025-09-13
LOWER JURALA HPS,,,240.0,3.0,3.77,154.0,349.58000000000004,,0.0,,,,2025-09-13
NAGARJUN SGR  HPS,,,815.5999999999999,12.37,19.69,750.8100000000006,1120.73,,0.0,,,,2025-09-13
NAGARJUN SGR  LBC  HPS,,,60.0,0.47,0.77,14.110000000000008,40.67,,0.0,,,,2025-09-13
POCHAMPAD HPS,,,36.0,0.4,0.8500000000000001,19.19999999999999,26.64,,0.0,,,,2025-09-13
PRIYADARSHNI JURALA HPS,,,234.0,3.0,3.92,163.0,325.62,,0.0,,,,2025-09-13
PULICHINTALA HPS,,,120.0,1.93,2.5,72.09000000000003,123.07,,0.0,,,,2025-09-13
SRISAILAM LB HPS,,,900.0,13.0,16.939999999999998,722.0,1351.0,,150.0,,,,2025-09-13
RAMAGUNDEM STPS,,,2600.0,40.830000000000005,35.99,8775.790000000005,6416.42,32.0,500.0,,,,2025-09-13
RAMAGUNDEM STPS,Unit 1, ,200.0,3.77,3.44,679.0099999999998,581.84,,0.0,,,,2025-09-13
RAMAGUNDEM STPS,Unit 2, ,200.0,3.77,3.43,679.0099999999998,405.31,,0.0,,,,2025-09-13
RAMAGUNDEM STPS,Unit 3, ,200.0,3.83,3.37,682.7900000000005,494.47,,0.0,,,,2025-09-13
RAMAGUNDEM STPS,Unit 4, ,500.0,10.2,8.22,1717.6000000000006,1396.7,,0.0,,,,2025-09-13
RAMAGUNDEM STPS,Unit 5, ,500.0,9.63,8.43,1731.1900000000014,954.33,,0.0,,,,2025-09-13
RAMAGUNDEM STPS,Unit 6,P,500.0,0.0,0.0,1555.0,1159.89,,500.0,45879.875,,BOILER OVERHAUL/ ANNUAL MAINTENANCE,2025-09-13
RAMAGUNDEM STPS,Unit 7, ,500.0,9.63,9.1,1731.1900000000014,1423.88,,0.0,,,,2025-09-13
RAMAGUNDEM STPS,Unit 1, ,800.0,14.03,14.55,2489.3900000000026,2190.29,,0.0,,,,2025-09-13
RAMAGUNDEM STPS,Unit 2, ,800.0,13.8,14.54,2478.4000000000024,1925.31,,0.0,,,,2025-09-13
AND. NICOBAR DG,,,57.52,0.23,0.36,40.98999999999996,48.6,,0.0,,,,2025-09-13
AND. NICOBAR Pvt. DG,,,35.19,0.67,0.6,115.71000000000002,121.93,,0.0,,,,2025-09-13
BARAUNI TPS,,,500.0,9.93,11.27,1718.0899999999992,1664.1399999999999,15.0,0.0,,,,2025-09-13
BARAUNI TPS,Unit 6,P,0.0,0.0,0.0,0.0,0.0,,0.0,45129.50347222222,,UNIT LIKELY TO BE SCRAPPED.,2025-09-13
BARAUNI TPS,Unit 7,P,0.0,0.0,0.0,0.0,0.0,,0.0,45126.645833333336,,UNIT LIKELY TO BE SCRAPPED.,2025-09-13
BARAUNI TPS,Unit 8, ,250.0,5.13,5.67,861.6899999999999,797.54,,0.0,,,,2025-09-13
BARAUNI TPS,Unit 9, ,250.0,4.8,5.6,856.3999999999994,866.6,,0.0,,,,2025-09-13
BARH  STPS,,,3300.0,54.730000000000004,50.89,9278.490000000003,7203.0199999999995,14.0,660.0,,,,2025-09-13
BARH  STPS,Unit 1,S,660.0,10.5,0.0,1863.5,1612.37,,660.0,45912.32361111111,14/09/2025,WATER WALL TUBE LEAKAGE,2025-09-13
BARH  STPS,Unit 2, ,660.0,9.4,12.54,1656.2000000000012,1672.74,,0.0,,,,2025-09-13
BARH  STPS,Unit 3, ,660.0,10.2,12.58,1794.6000000000006,579.01,,0.0,,,,2025-09-13
BARH  STPS,Unit 4, ,660.0,12.4,12.85,1766.2000000000012,2068.52,,0.0,,,,2025-09-13
BARH  STPS,Unit 5, ,660.0,12.23,12.92,2197.9900000000002,1270.38,,0.0,,,,2025-09-13
BUXAR TPP,,,0.0,7.1,0.0,769.3000000000003,0.0,,0.0,,,,2025-09-13
BUXAR TPP,Unit 1, ,0.0,7.1,0.0,769.3000000000003,0.0,,0.0,,,unit not yet commissioned,2025-09-13
BUXAR TPP,Unit 2, ,0.0,0.0,0.0,0.0,0.0,,0.0,,,unit not yet commissioned,2025-09-13
KAHALGAON TPS,,,2340.0,38.919999999999995,42.620000000000005,8011.960000000001,7083.129999999999,20.0,210.0,,,,2025-09-13
KAHALGAON TPS,Unit 1, ,210.0,4.63,4.14,606.1899999999999,679.07,,0.0,,,,2025-09-13
KAHALGAON TPS,Unit 2,P,210.0,4.43,0.0,741.5899999999993,563.16,,210.0,45897.010416666664,,BOILER OVERHAUL/ ANNUAL MAINTENANCE,2025-09-13
KAHALGAON TPS,Unit 3, ,210.0,4.43,4.17,741.5899999999993,686.53,,0.0,,,,2025-09-13
KAHALGAON TPS,Unit 4, ,210.0,4.63,4.11,767.1899999999999,653.81,,0.0,,,,2025-09-13
KAHALGAON TPS,Unit 5, ,500.0,10.4,10.05,1741.2000000000012,1645.57,,0.0,,,,2025-09-13
KAHALGAON TPS,Unit 6, ,500.0,10.4,10.06,1741.2000000000012,1631.81,,0.0,,,,2025-09-13
KAHALGAON TPS,Unit 7, ,500.0,0.0,10.09,1673.0,1223.18,,0.0,,,,2025-09-13
MUZAFFARPUR TPS,,,390.0,4.07,3.94,1266.9100000000008,1243.18,28.0,195.0,,,,2025-09-13
MUZAFFARPUR TPS,Unit 3, ,195.0,0.0,3.94,585.0,610.34,,0.0,,,,2025-09-13
MUZAFFARPUR TPS,Unit 4,P,195.0,4.07,0.0,681.9100000000007,632.84,,195.0,45912.404861111114,,MISC. SHORT DURATION PLANNED MAINTENACE,2025-09-13
NABINAGAR STPP,,,1980.0,42.6,39.07,7090.800000000005,6025.15,11.0,0.0,,,,2025-09-13
NABINAGAR STPP,Unit 1, ,660.0,13.67,13.06,2287.710000000001,2039.18,,0.0,,,,2025-09-13
NABINAGAR STPP,Unit 2, ,660.0,14.53,13.01,2413.8900000000026,2176.53,,0.0,,,,2025-09-13
NABINAGAR STPP,Unit 3, ,660.0,14.4,13.0,2389.200000000001,1809.44,,0.0,,,,2025-09-13
NABINAGAR TPP,,,1000.0,20.7,14.879999999999999,3193.1000000000004,3092.4,20.0,250.0,,,,2025-09-13
NABINAGAR TPP,Unit 1, ,250.0,5.2,4.97,867.6000000000006,794.23,,0.0,,,,2025-09-13
NABINAGAR TPP,Unit 2, ,250.0,5.5,4.94,755.5,803.42,,0.0,,,,2025-09-13
NABINAGAR TPP,Unit 3, ,250.0,4.8,4.97,862.3999999999994,804.58,,0.0,,,,2025-09-13
NABINAGAR TPP,Unit 4,P,250.0,5.2,0.0,707.6000000000006,690.17,,250.0,45894.00069444445,10/10/2025,ANNUAL MAINTENANCE,2025-09-13
TENUGHAT TPS,,,420.0,7.15,7.609999999999999,1037.45,658.55,43.0,0.0,,,,2025-09-13
TENUGHAT TPS,Unit 1, ,210.0,3.45,3.67,545.3500000000001,571.8,,0.0,,,,2025-09-13
TENUGHAT TPS,Unit 2, ,210.0,3.7,3.94,492.09999999999985,86.75,,0.0,,,,2025-09-13
SUBERNREKHA-I HPS,,,65.0,0.43,0.0,26.589999999999996,0.0,,65.0,,,,2025-09-13
SUBERNREKHA-II HPS,,,65.0,0.43,0.0,26.589999999999996,0.0,,65.0,,,,2025-09-13
JOJOBERA TPS,,,240.0,4.94,5.29,818.2200000000007,756.51,38.0,0.0,,,,2025-09-13
JOJOBERA TPS,Unit 2, ,120.0,2.47,2.86,409.11000000000035,383.18,,0.0,,,,2025-09-13
JOJOBERA TPS,Unit 3, ,120.0,2.47,2.43,409.11000000000035,373.33,,0.0,,,,2025-09-13
MAHADEV PRASAD STPP,,,540.0,5.2,11.129999999999999,1717.6000000000006,1735.76,7.0,0.0,,,,2025-09-13
MAHADEV PRASAD STPP,Unit 1, ,270.0,5.2,5.52,932.6000000000006,890.6,,0.0,,,,2025-09-13
MAHADEV PRASAD STPP,Unit 2, ,270.0,0.0,5.61,785.0,845.16,,0.0,,,,2025-09-13
MAITHON RB TPP,,,1050.0,20.8,20.78,3597.4000000000024,3355.01,33.0,0.0,,,,2025-09-13
MAITHON RB TPP,Unit 1, ,525.0,11.17,10.37,1866.210000000001,1704.15,,0.0,,,,2025-09-13
MAITHON RB TPP,Unit 2, ,525.0,9.63,10.41,1731.1900000000014,1650.86,,0.0,,,,2025-09-13
MAITRISHI USHA TPS,,,0.0,0.0,0.0,0.0,0.0,,0.0,,,,2025-09-13
MAITRISHI USHA TPS,Unit 1, ,0.0,0.0,0.0,0.0,0.0,,0.0,,,unit not yet commissioned,2025-09-13
MAITRISHI USHA TPS,Unit 2, ,0.0,0.0,0.0,0.0,0.0,,0.0,,,unit not yet commissioned,2025-09-13
BOKARO TPS `A` EXP,,,500.0,9.77,9.98,1536.0099999999998,1079.32,14.0,0.0,,,,2025-09-13
BOKARO TPS `A` EXP,Unit 1, ,500.0,9.77,9.98,1536.0099999999998,1079.32,,0.0,,,,2025-09-13
CHANDRAPURA(DVC) TPS,,,500.0,10.6,5.97,1773.7999999999988,1160.6,32.0,250.0,,,,2025-09-13
CHANDRAPURA(DVC) TPS,Unit 7,S,250.0,5.3,0.0,886.8999999999994,369.34,,250.0,45911.38680555556,,TUBE LKG. AT LOW TEMP. SUPERHEATER ZONE,2025-09-13
CHANDRAPURA(DVC) TPS,Unit 8, ,250.0,5.3,5.97,886.8999999999994,791.26,,0.0,,,,2025-09-13
KODARMA TPP,,,1000.0,21.5,18.990000000000002,3589.5,3010.6099999999997,14.0,0.0,,,,2025-09-13
KODARMA TPP,Unit 1, ,500.0,10.6,9.51,1777.7999999999988,1474.85,,0.0,,,,2025-09-13
KODARMA TPP,Unit 2, ,500.0,10.9,9.48,1811.7000000000012,1535.76,,0.0,,,,2025-09-13
NORTH KARANPURA TPP,,,1980.0,32.27,38.75,5768.509999999996,4998.97,4.0,0.0,,,,2025-09-13
NORTH KARANPURA TPP,Unit 1, ,660.0,11.97,12.72,2146.6099999999983,2034.96,,0.0,,,,2025-09-13
NORTH KARANPURA TPP,Unit 2, ,660.0,11.97,13.14,2148.6099999999983,2045.75,,0.0,,,,2025-09-13
NORTH KARANPURA TPP,Unit 3, ,660.0,8.33,12.89,1473.289999999999,918.26,,0.0,,,,2025-09-13
PATRATU STPP,,,,7.93,0.0,1390.0900000000008,0.0,,0.0,,,,2025-09-13
PATRATU STPP,Unit 1, ,,7.93,0.0,1390.0900000000008,0.0,,0.0,,,unit not yet commissioned,2025-09-13
PATRATU STPP,Unit 2, ,,0.0,0.0,0.0,0.0,,0.0,,,unit not yet commissioned,2025-09-13
PATRATU STPP,Unit 3, ,,0.0,0.0,0.0,0.0,,0.0,,,unit not yet commissioned,2025-09-13
PANCHET HPS,,,80.0,0.47,0.89,51.109999999999985,81.17,,40.0,,,,2025-09-13
IB VALLEY TPS,,,1740.0,38.56,8.86,5960.280000000004,5610.77,27.0,1320.0,,,,2025-09-13
IB VALLEY TPS,Unit 1, ,210.0,4.6,3.99,766.8000000000003,659.04,,0.0,,,,2025-09-13
IB VALLEY TPS,Unit 2, ,210.0,4.5,4.87,751.5,752.69,,0.0,,,,2025-09-13
IB VALLEY TPS,Unit 3,P,660.0,14.93,0.0,2031.0900000000008,1950.31,,660.0,45893.100694444445,,BOILER OVERHAUL/ ANNUAL MAINTENANCE,2025-09-13
IB VALLEY TPS,Unit 4,S,660.0,14.53,0.0,2410.8900000000026,2248.73,,660.0,45912.73888888889,,WATER WALL TUBE LEAKAGE,2025-09-13
BALIMELA HPS,,,510.0,3.27,5.920000000000001,637.5099999999998,670.06,,0.0,,,,2025-09-13
CHIPLIMA HPS,,,72.0,1.2,1.01,140.59999999999988,128.38,,0.0,,,,2025-09-13
HIRAKUD HPS,,,287.8,5.43,6.17,446.5900000000001,499.87,,0.0,,,,2025-09-13
MACHKUND  HPS,,,114.75,1.77,2.18,286.00999999999976,309.40000000000003,,0.0,,,,2025-09-13
RENGALI HPS,,,250.0,4.17,5.99,418.2100000000002,555.28,,0.0,,,,2025-09-13
UPPER INDRAVATI HPS,,,600.0,8.2,5.58,760.6000000000006,669.11,,0.0,,,,2025-09-13
UPPER KOLAB HPS,,,320.0,1.73,5.13,327.49000000000024,334.26,,0.0,,,,2025-09-13
DERANG TPP,,,1200.0,23.43,27.85,4040.590000000001,4332.92,46.0,0.0,,,,2025-09-13
DERANG TPP,Unit 1, ,600.0,12.5,13.89,2080.5,2127.89,,0.0,,,,2025-09-13
DERANG TPP,Unit 2, ,600.0,10.93,13.96,1960.0900000000008,2205.03,,0.0,,,,2025-09-13
JSW Energy Utkal Limited,,,700.0,8.059999999999999,5.72,1339.7799999999993,1668.95,26.0,350.0,,,,2025-09-13
JSW Energy Utkal Limited,Unit 1, ,350.0,5.43,5.72,876.5899999999993,873.47,,0.0,,,,2025-09-13
JSW Energy Utkal Limited,Unit 2,S,350.0,2.63,0.0,463.18999999999994,795.48,,350.0,45908.1875,,TURBINE BEARING OIL SYSTEM TROUBLE,2025-09-13
KAMALANGA TPS,,,1050.0,23.009999999999998,24.39,3618.130000000002,3565.55,18.0,0.0,,,,2025-09-13
KAMALANGA TPS,Unit 1, ,350.0,7.67,8.35,1072.7100000000003,1261.4,,0.0,,,,2025-09-13
KAMALANGA TPS,Unit 2, ,350.0,7.67,8.31,1272.710000000001,1056.11,,0.0,,,,2025-09-13
KAMALANGA TPS,Unit 3, ,350.0,7.67,7.73,1272.710000000001,1248.04,,0.0,,,,2025-09-13
LANCO BABANDH TPP,,,0.0,0.0,0.0,0.0,0.0,,0.0,,,,2025-09-13
LANCO BABANDH TPP,Unit 1, ,0.0,0.0,0.0,0.0,0.0,,0.0,,,unit not yet commissioned,2025-09-13
LANCO BABANDH TPP,Unit 1,S,30.0,0.37,0.0,68.81000000000006,50.99,,30.0,45909.01944444444,,STATION SERVICE TRANSFORMER MISC.,2025-09-13
LANCO BABANDH TPP,Unit 2,S,30.0,0.37,0.0,68.81000000000006,77.7,,30.0,45909.01736111111,,STATION SERVICE TRANSFORMER MISC.,2025-09-13
VEDANTA TPP,,,600.0,7.83,7.39,1378.789999999999,974.53,9.0,0.0,,,,2025-09-13
VEDANTA TPP,Unit 2, ,600.0,7.83,7.39,1378.789999999999,974.53,,0.0,,,,2025-09-13
DARLIPALI STPS,,,1600.0,36.44,35.2,6049.720000000001,4633.87,29.0,0.0,,,,2025-09-13
DARLIPALI STPS,Unit 1, ,800.0,18.07,17.62,3001.910000000002,2844.29,,0.0,,,,2025-09-13
DARLIPALI STPS,Unit 2, ,800.0,18.37,17.58,3047.8099999999986,1789.58,,0.0,,,,2025-09-13
ROURKELA PP-II EXPANSION,,,0.0,0.0,0.0,0.0,0.0,,0.0,,,,2025-09-13
ROURKELA PP-II EXPANSION,Unit 1, ,0.0,0.0,0.0,0.0,0.0,,0.0,,,unit not yet commissioned,2025-09-13
TALCHER STPS,,,3000.0,56.36,43.14,10047.679999999998,9623.92,15.0,1000.0,,,,2025-09-13
TALCHER STPS,Unit 1, ,500.0,11.43,10.35,1428.5900000000008,1605.51,,0.0,,,,2025-09-13
TALCHER STPS,Unit 2, ,500.0,11.1,9.96,1842.2999999999988,1688.95,,0.0,,,,2025-09-13
TALCHER STPS,Unit 3, ,500.0,11.5,9.44,1509.5,1266.66,,0.0,,,,2025-09-13
TALCHER STPS,Unit 4,P,500.0,0.0,0.0,1606.0,1528.41,,500.0,45893.01944444444,14/09/2025,OVERHAULING WORKS,2025-09-13
TALCHER STPS,Unit 5,S,500.0,11.1,3.1,1842.2999999999988,1759.04,,500.0,45913.275,14/09/2025,SUPER HEATER TUBE LEAKAGE,2025-09-13
TALCHER STPS,Unit 6, ,500.0,11.23,10.29,1818.9900000000002,1775.35,,0.0,,,,2025-09-13
TEESTA-III HPS,,,1200.0,0.0,0.0,0.0,0.0,,0.0,,,,2025-09-13
CHUZACHEN HPS,,,110.0,2.83,2.8499999999999996,333.7899999999998,288.77,,0.0,,,,2025-09-13
DIKCHU HPS,,,96.0,2.43,2.62,344.5900000000001,334.78999999999996,,0.0,,,,2025-09-13
JORETHANG LOOP,,,96.0,2.27,2.26,248.51000000000013,262.54,,0.0,,,,2025-09-13
RONGNICHU HPS,,,113.0,2.17,2.7199999999999998,271.21000000000004,292.57000000000005,,0.0,,,,2025-09-13
TASHIDING HPS,,,97.0,2.43,2.08,264.5900000000001,271.21000000000004,,0.0,,,,2025-09-13
RANGIT HPS,,,60.0,1.33,1.23,176.29000000000016,178.39,,0.0,,,,2025-09-13
RANGIT-IV HPS,,,,0.0,0.0,0.0,0.0,,0.0,,,,2025-09-13
TEESTA V HPS,,,510.0,0.0,0.0,0.0,0.0,,510.0,,,,2025-09-13
BAKRESWAR TPS,,,1050.0,18.97,19.41,3234.609999999998,3663.35,7.0,210.0,,,,2025-09-13
BAKRESWAR TPS,Unit 1,P,210.0,0.0,0.0,716.0,704.03,,210.0,45893.004166666666,,BOILER OVERHAUL/ ANNUAL MAINTENANCE,2025-09-13
BAKRESWAR TPS,Unit 2, ,210.0,4.77,4.5,793.0099999999998,788.72,,0.0,,,,2025-09-13
BAKRESWAR TPS,Unit 3, ,210.0,4.8,4.91,797.3999999999994,800.14,,0.0,,,,2025-09-13
BAKRESWAR TPS,Unit 4, ,210.0,4.6,5.03,183.79999999999993,563.03,,0.0,,,,2025-09-13
BAKRESWAR TPS,Unit 5, ,210.0,4.8,4.97,744.3999999999994,807.43,,0.0,,,,2025-09-13
BANDEL TPS,,,270.0,6.23,5.71,836.9899999999997,891.11,11.0,0.0,,,,2025-09-13
BANDEL TPS,Unit 2, ,60.0,1.33,1.03,32.28999999999998,120.72,,0.0,,,,2025-09-13
BANDEL TPS,Unit 5, ,210.0,4.9,4.68,804.6999999999997,770.39,,0.0,,,,2025-09-13
D.P.L. TPS,,,550.0,9.9,7.76,1775.7000000000012,1470.15,21.0,0.0,,,,2025-09-13
D.P.L. TPS,Unit 7, ,300.0,5.2,5.18,935.6000000000006,751.85,,0.0,,,,2025-09-13
D.P.L. TPS,Unit 8,*,250.0,4.7,2.58,840.1000000000006,718.3,,0.0,45913.45763888889,13/09/2025 11:48:00,DRUM LEVEL HIGH/ low,2025-09-13
KOLAGHAT TPS,,,840.0,15.2,16.29,2577.599999999999,2349.5,9.0,0.0,,,,2025-09-13
KOLAGHAT TPS,Unit 3, ,210.0,3.73,3.7,673.4900000000002,579.0,,0.0,,,,2025-09-13
KOLAGHAT TPS,Unit 4, ,210.0,3.93,3.99,598.0899999999993,548.31,,0.0,,,,2025-09-13
KOLAGHAT TPS,Unit 5, ,210.0,3.77,4.36,676.0099999999998,679.18,,0.0,,,,2025-09-13
KOLAGHAT TPS,Unit 6, ,210.0,3.77,4.24,630.0099999999998,543.01,,0.0,,,,2025-09-13
SAGARDIGHI TPP ST-III,,,,7.1,0.0,769.3000000000003,0.0,,0.0,,,,2025-09-13
SAGARDIGHI TPP ST-III,Unit 1, ,,7.1,0.0,769.3000000000003,0.0,,0.0,,,unit not yet commissioned,2025-09-13
SAGARDIGHI TPS,,,1600.0,35.69,38.91,5619.129999999998,5747.48,5.0,0.0,,,,2025-09-13
SAGARDIGHI TPS,Unit 1, ,300.0,6.73,7.33,882.6500000000001,1088.07,,0.0,,,,2025-09-13
SAGARDIGHI TPS,Unit 2, ,300.0,6.83,7.28,1065.7899999999997,1084.53,,0.0,,,,2025-09-13
SAGARDIGHI TPS,Unit 3, ,500.0,11.1,12.16,1841.2999999999988,1860.02,,0.0,,,,2025-09-13
SAGARDIGHI TPS,Unit 4, ,500.0,11.03,12.14,1829.3899999999996,1714.86,,0.0,,,,2025-09-13
SANTALDIH TPS,,,500.0,5.77,11.92,1842.5299999999997,1875.22,11.0,0.0,,,,2025-09-13
SANTALDIH TPS,Unit 5, ,250.0,5.77,5.95,956.0099999999998,935.71,,0.0,,,,2025-09-13
SANTALDIH TPS,Unit 6, ,250.0,0.0,5.97,886.52,939.51,,0.0,,,,2025-09-13
HALDIA GT (Liq.),,,0.0,0.0,0.0,0.0,0.0,,0.0,,,,2025-09-13
KASBA GT (Liq.),,,0.0,0.0,0.0,0.0,0.0,,0.0,,,,2025-09-13
JALDHAKA  HPS ST-I,,,36.0,0.67,0.97,82.71000000000002,106.59,,18.0,,,,2025-09-13
PURULIA PSS HPS,,,900.0,3.83,2.18,519.79,542.77,,0.0,,,,2025-09-13
RAMMAM HPS,,,50.0,1.1,1.09,133.29999999999993,104.7,,0.0,,,,2025-09-13
BUDGE BUDGE TPS,,,750.0,16.869999999999997,16.19,2805.31,2534.5299999999997,12.0,0.0,,,,2025-09-13
BUDGE BUDGE TPS,Unit 1, ,250.0,5.6,5.06,928.8000000000003,839.15,,0.0,,,,2025-09-13
BUDGE BUDGE TPS,Unit 2, ,250.0,5.67,5.33,948.7099999999995,822.26,,0.0,,,,2025-09-13
BUDGE BUDGE TPS,Unit 3, ,250.0,5.6,5.8,927.8000000000003,873.12,,0.0,,,,2025-09-13
HALDIA TPP,,,600.0,12.8,14.69,2135.400000000001,2362.19,11.0,0.0,,,,2025-09-13
HALDIA TPP,Unit 1, ,300.0,6.4,7.35,1068.2000000000005,1177.51,,0.0,,,,2025-09-13
HALDIA TPP,Unit 2, ,300.0,6.4,7.34,1067.2000000000005,1184.68,,0.0,,,,2025-09-13
HIRANMAYE TPP,,,300.0,5.2,2.85,933.6000000000006,741.9100000000001,55.0,150.0,,,,2025-09-13
HIRANMAYE TPP,Unit 1,S,150.0,2.6,0.0,466.8000000000003,248.61,,150.0,45910.75555555556,,TURBINE VIBRATION HIGH,2025-09-13
HIRANMAYE TPP,Unit 2, ,150.0,2.6,2.85,466.8000000000003,493.3,,0.0,,,,2025-09-13
HIRANMAYE TPP,Unit 3, ,0.0,0.0,0.0,0.0,0.0,,0.0,,,unit not yet commissioned,2025-09-13
HIRANMAYE TPP,Unit 1, ,67.5,0.77,1.28,119.00999999999995,51.13,,0.0,,,,2025-09-13
HIRANMAYE TPP,Unit 2,P,67.5,0.73,0.0,131.48999999999998,102.11,,67.5,45899.072916666664,15/09/2025,MISCELLANEOUS PLANNED MAINTENANCE,2025-09-13
TITAGARH TPS,,,0.0,0.0,0.0,0.0,0.0,,0.0,,,,2025-09-13
TITAGARH TPS,Unit 1,L,0.0,0.0,0.0,0.0,0.0,,0.0,42653.20625,,RESERVE SHUT DOWN / STANDBY UNIT,2025-09-13
TITAGARH TPS,Unit 2,L,0.0,0.0,0.0,0.0,0.0,,0.0,42652.20625,,RESERVE SHUT DOWN / STANDBY UNIT,2025-09-13
TITAGARH TPS,Unit 3,L,0.0,0.0,0.0,0.0,0.0,,0.0,42653.17916666667,,RESERVE SHUT DOWN / STANDBY UNIT,2025-09-13
TITAGARH TPS,Unit 4,L,0.0,0.0,0.0,0.0,0.0,,0.0,42652.23333333333,,RESERVE SHUT DOWN / STANDBY UNIT,2025-09-13
DURGAPUR STEEL TPS,,,1000.0,19.130000000000003,8.45,3438.6900000000014,2707.31,28.0,500.0,,,,2025-09-13
DURGAPUR STEEL TPS,Unit 1,P,500.0,9.5,0.0,1707.5,1289.49,,500.0,45884.083333333336,,BOILER OVERHAUL/ ANNUAL MAINTENANCE,2025-09-13
DURGAPUR STEEL TPS,Unit 2, ,500.0,9.63,8.45,1731.1900000000014,1417.82,,0.0,,,,2025-09-13
FARAKKA STPS,,,2100.0,42.75,38.39,7078.750000000001,6023.700000000001,11.0,0.0,,,,2025-09-13
FARAKKA STPS,Unit 1, ,200.0,4.07,3.77,684.9100000000007,570.25,,0.0,,,,2025-09-13
FARAKKA STPS,Unit 2, ,200.0,4.07,3.72,684.9100000000007,552.01,,0.0,,,,2025-09-13
FARAKKA STPS,Unit 3, ,200.0,4.37,3.75,528.8100000000001,574.8,,0.0,,,,2025-09-13
FARAKKA STPS,Unit 4, ,500.0,10.17,8.88,1704.210000000001,1437.91,,0.0,,,,2025-09-13
FARAKKA STPS,Unit 5, ,500.0,9.5,8.56,1707.5,1331.68,,0.0,,,,2025-09-13
FARAKKA STPS,Unit 6, ,500.0,10.57,9.71,1768.4099999999992,1557.05,,0.0,,,,2025-09-13
MEJIA TPS,,,2340.0,35.43,46.31,7477.589999999997,7168.44,15.0,210.0,,,,2025-09-13
MEJIA TPS,Unit 1, ,210.0,3.9,4.66,697.6999999999997,645.21,,0.0,,,,2025-09-13
MEJIA TPS,Unit 2,*,210.0,2.43,4.08,417.5900000000001,730.76,,210.0,45913.84722222222,13/09/2025 22:57:00,GENERATOR TRANSFORMER BUCHOLTZ,2025-09-13
MEJIA TPS,Unit 3, ,210.0,4.0,3.61,699.0,519.32,,0.0,,,,2025-09-13
MEJIA TPS,Unit 4, ,210.0,4.43,4.47,621.5899999999993,690.24,,0.0,,,,2025-09-13
MEJIA TPS,Unit 5, ,250.0,5.17,4.97,867.2099999999995,777.84,,0.0,,,,2025-09-13
MEJIA TPS,Unit 6, ,250.0,5.13,5.04,852.6899999999999,781.96,,0.0,,,,2025-09-13
MEJIA TPS,Unit 7, ,500.0,0.0,9.74,1586.0,1533.49,,0.0,,,,2025-09-13
MEJIA TPS,Unit 8, ,500.0,10.37,9.74,1735.8099999999986,1489.62,,0.0,,,,2025-09-13
RAGHUNATHPUR TPP,,,1200.0,20.630000000000003,11.44,3660.1900000000014,3266.7,25.0,600.0,,,,2025-09-13
RAGHUNATHPUR TPP,Unit 1,S,600.0,10.73,0.0,1914.4900000000002,1535.79,,600.0,45902.509722222225,,REHEATER TUBE LEAKAGE,2025-09-13
RAGHUNATHPUR TPP,Unit 2, ,600.0,9.9,11.44,1745.7000000000012,1730.91,,0.0,,,,2025-09-13
MAITHON HPS,,,63.2,0.5,0.45000000000000007,59.5,107.65,,0.0,,,,2025-09-13
TEESTA LOW DAM-III HPS,,,132.0,2.0,1.12,256.0,107.63,,132.0,,,,2025-09-13
TEESTA LOW DAM-IV HPS,,,160.0,3.57,3.8499999999999996,457.4099999999999,402.93999999999994,,120.0,,,,2025-09-13
KAMENG HPS,,,600.0,13.23,10.45,1491.9900000000002,1682.1,,150.0,,,,2025-09-13
LOWER SUBANSIRI  HEP,,,0.0,15.3,0.0,1605.8999999999994,0.0,,0.0,,,,2025-09-13
PARE,,,110.0,1.4,1.55,263.19999999999993,247.45999999999998,,0.0,,,,2025-09-13
RANGANADI HPS,,,405.0,5.23,4.01,818.9900000000002,676.64,,0.0,,,,2025-09-13
LAKWA GT,,,97.2,1.57,1.39,262.4100000000001,140.77,,20.0,,,,2025-09-13
LAKWA REPLACEMENT POWER PROJECT,,,69.75500000000001,1.4,1.3699999999999999,238.20000000000016,217.89999999999998,,9.965,,,,2025-09-13
NAMRUP CCPP,,,139.4,2.34,2.04,419.4199999999998,388.65,,41.0,,,,2025-09-13
KARBI LANGPI HPS,,,100.0,2.37,2.38,240.81000000000006,230.01999999999998,,0.0,,,,2025-09-13
LOWER KOPILI HPS,,,,0.0,0.0,0.0,0.0,,0.0,,,,2025-09-13
BONGAIGAON TPP,,,750.0,14.56,12.69,2435.2800000000007,2024.95,25.0,0.0,,,,2025-09-13
BONGAIGAON TPP,Unit 1, ,250.0,4.7,4.25,840.1000000000006,706.0,,0.0,,,,2025-09-13
BONGAIGAON TPP,Unit 2, ,250.0,5.13,4.2,856.6899999999999,699.98,,0.0,,,,2025-09-13
BONGAIGAON TPP,Unit 3, ,250.0,4.73,4.24,738.4900000000002,618.97,,0.0,,,,2025-09-13
KATHALGURI CCPP,,,291.0,4.91,2.9499999999999997,832.8299999999995,580.85,,63.5,,,,2025-09-13
KHONDONG HPS,,,50.0,0.73,1.06,69.49000000000001,39.9,,0.0,,,,2025-09-13
KOPILI HPS,,,200.0,3.67,4.75,441.7100000000002,453.0,,0.0,,,,2025-09-13
LEIMAKHONG DG,,,36.0,0.0,0.0,0.0,0.0,,0.0,,,,2025-09-13
LOKTAK HPS,,,105.0,1.8,2.48,218.40000000000015,284.06,,0.0,,,,2025-09-13
KYRDEMKULAI HPS,,,60.0,0.6,0.0,62.80000000000002,9.399999999999999,,60.0,,,,2025-09-13
MYNTDU(LESHKA) St-1 HPS,,,126.0,2.8,1.1,338.40000000000015,309.35,,0.0,,,,2025-09-13
NEW UMTRU HPS,,,40.0,0.77,0.88,89.00999999999995,111.49000000000001,,0.0,,,,2025-09-13
UMIAM HPS ST-I,,,36.0,0.57,0.15000000000000002,52.410000000000004,61.42,,9.0,,,,2025-09-13
UMIAM HPS ST-IV,,,60.0,1.0,0.6799999999999999,102.0,115.03,,0.0,,,,2025-09-13
TUIRIAL HPS,,,60.0,1.0,1.45,72.0,139.35,,0.0,,,,2025-09-13
DOYANG  HPS,,,75.0,1.47,1.7399999999999998,119.10999999999999,128.45,,0.0,,,,2025-09-13
BARAMURA GT,,,42.0,0.4,0.0,68.20000000000005,0.0,,0.0,,,,2025-09-13
ROKHIA GT,,,63.0,0.7,0.0,126.10000000000004,62.84,,0.0,,,,2025-09-13
AGARTALA GT,,,135.0,2.19,1.54,438.4699999999998,244.19,,21.0,,,,2025-09-13
MONARCHAK CCPP,,,101.0,1.6,1.22,283.79999999999995,252.54000000000002,,0.0,,,,2025-09-13
CHUKHA,,,0.0,7.93,2.91,986.0899999999993,423.09,,0.0,,,,2025-09-13
KURICHU,,,0.0,1.37,0.9,200.81000000000006,162.85,,0.0,,,,2025-09-13
MANGDECHHU,,,0.0,3.93,28.6,1917.0900000000008,3566.74,,0.0,,,,2025-09-13
PUNATSANGCHHU-II,,,0.0,4.57,0.0,814.4100000000007,0.0,,0.0,,,,2025-09-13
TALA,,,0.0,15.0,21.57,1003.0,1492.68,,0.0,,,,2025-09-13
TALA,,,,,,,,,,,,,2025-09-13
