name,unit,outage_status,capacity,day prog,day gen,month cumm prog,month cumm gen,coal stock,cap under outage,outage_day_time,expected_resync,remarks,datetime
I.P.CCPP,,,270.0,1.79,1.81,258.5400000000001,223.61999999999995,,180.0,,,,2020-08-26
PRAGATI CCGT-III,,,1500.0,10.169999999999998,7.67,1489.420000000001,1240.6,,500.0,,,,2020-08-26
PRAGATI CCPP,,,330.4,4.55,3.6399999999999997,674.2999999999995,702.73,,104.6,,,,2020-08-26
RITHALA CCPP,,,108.0,0.0,0.0,0.0,0.0,,108.0,,,,2020-08-26
PANIPAT TPS,,,710.0,5.58,0.0,904.0799999999996,493.32,39.0,710.0,,,,2020-08-26
PANIPAT TPS,Unit 6,L,210.0,0.0,0.0,0.0,51.9,,210.0,44035.510416666664,,RSD/LOW SCHEDULE,2020-08-26
PANIPAT TPS,Unit 7,S,250.0,2.71,0.0,437.45999999999947,208.43,,250.0,44056.330555555556,,RSD/LOW SCHEDULE,2020-08-26
PANIPAT TPS,Unit 8,S,250.0,2.87,0.0,466.6200000000001,232.99,,250.0,44062.555555555555,,RSD/LOW SCHEDULE,2020-08-26
RAJIV GANDHI TPS,,,1200.0,14.940000000000001,0.0,2133.4400000000014,586.51,53.0,1200.0,,,,2020-08-26
RAJIV GANDHI TPS,Unit 1,L,600.0,6.71,0.0,798.460000000001,290.9,,600.0,44017.18402777778,,RSD/LOW SCHEDULE,2020-08-26
RAJIV GANDHI TPS,Unit 2,L,600.0,8.23,0.0,1334.9800000000005,295.61,,600.0,44021.993055555555,,RSD/LOW SCHEDULE,2020-08-26
YAMUNA NAGAR TPS,,,600.0,10.29,0.0,1525.539999999999,867.2,42.0,600.0,,,,2020-08-26
YAMUNA NAGAR TPS,Unit 1,S,300.0,5.42,0.0,876.9199999999989,400.29,,300.0,44054.205555555556,,RSD/LOW SCHEDULE,2020-08-26
YAMUNA NAGAR TPS,Unit 2,S,300.0,4.87,0.0,648.6200000000001,466.91,,300.0,44062.55902777778,,RSD/LOW SCHEDULE,2020-08-26
MAHATMA GANDHI TPS,,,1320.0,19.17,0.0,2828.420000000002,986.3599999999999,56.0,1320.0,,,,2020-08-26
MAHATMA GANDHI TPS,Unit 1,L,660.0,9.65,0.0,1562.9000000000024,382.07,,660.0,44032.46319444444,,RSD/LOW SCHEDULE,2020-08-26
MAHATMA GANDHI TPS,Unit 2,L,660.0,9.52,0.0,1265.5199999999995,604.29,,660.0,44035.56458333333,,RSD/LOW SCHEDULE,2020-08-26
INDIRA GANDHI STPP,,,1500.0,16.88,7.5,2623.879999999997,131.44,60.0,1000.0,,,,2020-08-26
INDIRA GANDHI STPP,Unit 1,L,500.0,5.65,0.0,917.8999999999994,61.36,,500.0,44031.95763888889,,RESERVE SHUT DOWN / STANDBY UNIT,2020-08-26
INDIRA GANDHI STPP,Unit 2,S,500.0,5.55,0.0,783.2999999999988,26.8,,500.0,44057.375,,RESERVE SHUT DOWN / STANDBY UNIT,2020-08-26
INDIRA GANDHI STPP,Unit 3, ,500.0,5.68,7.5,922.6799999999987,43.28,,0.0,,,,2020-08-26
FARIDABAD CCPP,,,431.59,0.8400000000000001,0.0,125.8399999999999,549.13,,137.76,,,,2020-08-26
BASSI  HPS,,,66.0,1.48,1.5900000000000003,191.47999999999973,213.81999999999996,,0.0,,,,2020-08-26
GIRI BATA HPS,,,60.0,1.1,1.34,77.59999999999995,91.58,,0.0,,,,2020-08-26
KASHANG INTEGRATED HEP,,,195.0,1.0,0.0,129.0,0.0,,65.0,,,,2020-08-26
LARJI  HPS,,,126.0,2.81,3.17,372.06000000000006,384.18,,0.0,,,,2020-08-26
SAINJ HPS,,,100.0,2.16,2.64,207.1599999999999,275.86,,50.0,,,,2020-08-26
SANJAY  HPS,,,120.0,2.32,1.97,283.3199999999998,257.81,,0.0,,,,2020-08-26
SAWRA KUDDU HPS,,,0.0,1.84,0.0,138.8400000000001,0.0,,0.0,,,,2020-08-26
SHANAN  HPS,,,110.0,2.32,2.63,326.3199999999998,331.18,,0.0,,,,2020-08-26
UHL-III HPS,,,0.0,1.55,0.0,167.3000000000003,0.0,,0.0,,,,2020-08-26
ALLAIN DUHANGAN  HPS,,,192.0,4.23,4.2,483.9800000000005,462.33,,0.0,,,,2020-08-26
BAJOLI HOLI HPS,,,0.0,0.84,0.0,94.84000000000009,0.0,,0.0,,,,2020-08-26
BASPA  HPS,,,300.0,7.19,7.93,754.9400000000014,810.76,,0.0,,,,2020-08-26
BUDHIL HPS,,,70.0,1.61,1.42,183.86000000000035,189.76999999999998,,0.0,,,,2020-08-26
CHANJU-I HPS ,,,36.0,0.81,1.0,92.06000000000006,113.27000000000001,,0.0,,,,2020-08-26
KARCHAM WANGTOO HPS,,,1000.0,22.81,26.63,2729.0599999999986,2816.8999999999996,,0.0,,,,2020-08-26
MALANA  HPS,,,86.0,2.35,2.42,231.09999999999985,216.15,,0.0,,,,2020-08-26
MALANA-II  HPS,,,100.0,2.55,2.67,253.3000000000003,244.33999999999997,,0.0,,,,2020-08-26
SORANG HPS,,,0.0,0.0,0.0,0.0,0.0,,0.0,,,,2020-08-26
TIDONG HPS,,,0.0,0.0,0.0,0.0,0.0,,0.0,,,,2020-08-26
BAIRA SIUL  HPS,,,180.0,1.13,0.15,161.37999999999988,315.62,,120.0,,,,2020-08-26
BHAKRA LEFT HPS,,,594.0,6.9,8.58,806.3999999999994,1117.0300000000002,,234.0,,,,2020-08-26
BHAKRA RIGHT HPS,,,785.0,10.77,12.33,1332.0199999999995,1445.0700000000002,,0.0,,,,2020-08-26
CHAMERA- I  HPS,,,540.0,12.1,13.02,1598.5999999999976,1606.2399999999998,,0.0,,,,2020-08-26
CHAMERA- II  HPS,,,300.0,6.97,2.38,473.2200000000007,349.28,,200.0,,,,2020-08-26
CHAMERA-III HPS,,,231.0,5.19,5.62,629.9400000000012,686.76,,0.0,,,,2020-08-26
DEHAR H P S,,,990.0,13.94,14.079999999999998,1782.4400000000014,1841.27,,165.0,,,,2020-08-26
KOLDAM,,,800.0,19.19,21.09,2116.9400000000014,2124.88,,0.0,,,,2020-08-26
NATHPA JHAKRI HPS,,,1500.0,34.19,39.22,4243.94,4331.44,,750.0,,,,2020-08-26
PARBATI-II HPS,,,0.0,2.1,0.0,187.59999999999985,0.0,,0.0,,,,2020-08-26
PARBATI-III HPS,,,520.0,4.58,5.17,458.0799999999996,425.97,,260.0,,,,2020-08-26
PONG H P S,,,396.0,4.1,3.22,386.6000000000006,762.8799999999999,,132.0,,,,2020-08-26
RAMPUR HPS,,,412.02000000000004,9.81,10.760000000000002,1050.0599999999986,1203.2199999999998,,0.0,,,,2020-08-26
PAMPORE GPS (Liq.),,,175.0,0.0,0.0,0.0,0.0,,175.0,,,,2020-08-26
BAGLIHAR  HPS,,,450.0,9.94,10.8,1403.4400000000014,1423.0,,0.0,,,,2020-08-26
BAGLIHAR II  HPS,,,450.0,10.68,3.6,1186.6800000000005,1266.32,,150.0,,,,2020-08-26
LOWER JHELUM  HPS,,,105.0,1.77,1.56,310.0199999999995,282.42999999999995,,35.0,,,,2020-08-26
UPPER SINDH-II HPS,,,105.0,1.68,1.48,217.68000000000018,178.82,,0.0,,,,2020-08-26
DULHASTI  HPS,,,390.0,8.9,9.58,1231.4000000000021,1256.88,,0.0,,,,2020-08-26
KISHANGANGA HPS,,,330.0,5.19,5.41,1052.9400000000014,590.0,,110.0,,,,2020-08-26
SALAL  HPS,,,690.0,15.74,16.74,2125.2399999999993,2275.92,,0.0,,,,2020-08-26
SEWA-II  HPS,,,120.0,1.94,3.04,297.43999999999994,329.61,,0.0,,,,2020-08-26
URI-I HPS,,,480.0,10.03,8.17,1663.7799999999993,1610.58,,120.0,,,,2020-08-26
URI-II HPS,,,240.0,5.1,5.75,795.6000000000006,834.9200000000001,,0.0,,,,2020-08-26
CHUTAK HPS,,,44.0,0.48,1.06,59.47999999999992,96.63,,0.0,,,,2020-08-26
NIMMO BAZGO HPS,,,45.0,0.48,0.9099999999999999,67.47999999999998,105.08,,0.0,,,,2020-08-26
GH TPS (LEH.MOH.),,,920.0,7.710000000000001,0.0,1310.4599999999996,616.55,18.0,920.0,,,,2020-08-26
GH TPS (LEH.MOH.),Unit 1,L,210.0,2.45,0.0,398.6999999999997,88.98,,210.0,44042.275,,RSD/LOW SCHEDULE,2020-08-26
GH TPS (LEH.MOH.),Unit 2,S,210.0,2.45,0.0,142.7,118.86,,210.0,44057.334027777775,,RSD/LOW SCHEDULE,2020-08-26
GH TPS (LEH.MOH.),Unit 3,S,250.0,0.0,0.0,316.0,200.47,,250.0,44062.572222222225,,RSD/LOW SCHEDULE,2020-08-26
GH TPS (LEH.MOH.),Unit 4,S,250.0,2.81,0.0,453.06000000000006,208.24,,250.0,44062.4875,,RSD/LOW SCHEDULE,2020-08-26
ROPAR TPS,,,840.0,8.809999999999999,4.15,1421.0600000000002,634.53,45.0,630.0,,,,2020-08-26
ROPAR TPS,Unit 3,S,210.0,2.13,0.0,343.3799999999999,156.73,,210.0,44062.552083333336,,RSD/LOW SCHEDULE,2020-08-26
ROPAR TPS,Unit 4,S,210.0,2.13,0.0,343.3799999999999,177.77,,210.0,44056.86111111111,,RSD/LOW SCHEDULE,2020-08-26
ROPAR TPS,Unit 5,S,210.0,2.42,0.0,390.9200000000004,92.13,,210.0,44057.333333333336,,RSD/LOW SCHEDULE,2020-08-26
ROPAR TPS,Unit 6, ,210.0,2.13,4.15,343.3799999999999,207.9,,0.0,,,,2020-08-26
ANANDPUR SAHIB-I HPS ,,,67.0,1.32,1.46,159.31999999999982,158.54,,33.5,,,,2020-08-26
ANANDPUR SAHIB-II HPS ,,,67.0,1.32,1.46,159.31999999999982,156.54,,0.0,,,,2020-08-26
MUKERIAN-I HPS,,,45.0,0.81,2.47,70.06000000000006,614.49,,0.0,,,,2020-08-26
MUKERIAN-II HPS,,,45.0,0.81,0.0,70.06000000000006,0.0,,0.0,,,,2020-08-26
MUKERIAN-III HPS,,,58.5,1.13,0.0,98.37999999999988,0.0,,0.0,,,,2020-08-26
MUKERIAN-IV HPS,,,58.5,1.13,0.0,98.37999999999988,0.0,,0.0,,,,2020-08-26
RANJIT SAGAR  HPS,,,600.0,6.45,7.2700000000000005,827.7000000000012,977.4999999999999,,150.0,,,,2020-08-26
GOINDWAL SAHIB TPP,,,540.0,7.130000000000001,8.53,1043.3799999999999,624.5799999999999,19.0,0.0,,,,2020-08-26
GOINDWAL SAHIB TPP,Unit 1, ,270.0,3.74,5.14,609.2400000000002,315.19,,0.0,,,,2020-08-26
GOINDWAL SAHIB TPP,Unit 2,*,270.0,3.39,3.39,434.13999999999965,309.39,,0.0,44062.61111111111,26/08/2020 06:28:00,RESERVE SHUT DOWN / STANDBY UNIT,2020-08-26
RAJPURA TPP,,,1400.0,24.48,32.99,3707.4800000000005,2633.09,20.0,0.0,,,,2020-08-26
RAJPURA TPP,Unit 1, ,700.0,11.0,16.44,1518.0,1403.09,,0.0,,,,2020-08-26
RAJPURA TPP,Unit 2, ,700.0,13.48,16.55,2189.4800000000005,1230.0,,0.0,,,,2020-08-26
TALWANDI SABO TPP,,,1980.0,33.39,43.739999999999995,5417.140000000003,2374.98,11.0,0.0,,,,2020-08-26
TALWANDI SABO TPP,Unit 1, ,660.0,11.39,14.54,1849.1400000000026,886.64,,0.0,,,,2020-08-26
TALWANDI SABO TPP,Unit 2, ,660.0,11.48,14.51,1863.4800000000005,857.67,,0.0,,,,2020-08-26
TALWANDI SABO TPP,Unit 3, ,660.0,10.52,14.69,1704.5199999999995,630.67,,0.0,,,,2020-08-26
GANGUWAL  HPS,,,77.65,1.32,1.75,206.31999999999982,258.37,,0.0,,,,2020-08-26
KOTLA  HPS,,,77.65,1.48,1.8199999999999998,205.47999999999973,260.53999999999996,,0.0,,,,2020-08-26
CHHABRA TPP,,,2320.0,43.26,25.48,6048.7599999999975,5633.92,4.0,910.0,,,,2020-08-26
CHHABRA TPP,Unit 1, ,250.0,4.65,4.55,604.8999999999994,626.68,,0.0,,,,2020-08-26
CHHABRA TPP,Unit 2, ,250.0,4.94,4.9,700.4400000000014,605.23,,0.0,,,,2020-08-26
CHHABRA TPP,Unit 3,P,250.0,4.74,0.0,660.2400000000002,687.73,,250.0,44050.0,,BOILER OVERHAUL/ ANNUAL MAINTENANCE,2020-08-26
CHHABRA TPP,Unit 4, ,250.0,4.74,4.87,659.2400000000002,714.08,,0.0,,,,2020-08-26
CHHABRA TPP,Unit 5,P,660.0,12.84,0.0,2084.8399999999983,1533.73,,660.0,44062.98472222222,,BOILER OVERHAUL/ ANNUAL MAINTENANCE,2020-08-26
CHHABRA TPP,Unit 6, ,660.0,11.35,11.16,1339.0999999999976,1466.47,,0.0,,,,2020-08-26
GIRAL TPS,,,250.0,0.0,0.0,0.0,0.0,,250.0,,,,2020-08-26
GIRAL TPS,Unit 1,P,125.0,0.0,0.0,0.0,0.0,,125.0,41831.34722222222,,UNIT LIKELY TO BE SCRAPPED.,2020-08-26
GIRAL TPS,Unit 2,P,125.0,0.0,0.0,0.0,0.0,,125.0,42396.64375,,UNIT LIKELY TO BE SCRAPPED.,2020-08-26
KALISINDH TPS,,,1200.0,11.13,5.51,3421.280000000002,1199.19,,1200.0,,,,2020-08-26
KALISINDH TPS,Unit 1,S,600.0,11.13,5.51,1805.3800000000028,660.3,,600.0,44069.347916666666,,RSD/LOW SCHEDULE,2020-08-26
KALISINDH TPS,Unit 2,S,600.0,0.0,0.0,1615.8999999999992,538.89,,600.0,44068.48888888889,,RSD/LOW SCHEDULE,2020-08-26
KOTA TPS,,,1240.0,19.419999999999998,0.0,2891.12,1513.5900000000001,39.0,1240.0,,,,2020-08-26
KOTA TPS,Unit 1, ,110.0,0.0,0.0,215.0000000000001,74.43,,110.0,44044.0,,Low system demand/ costly fuel,2020-08-26
KOTA TPS,Unit 2, ,110.0,1.39,0.0,223.13999999999965,117.46,,110.0,44044.001388888886,,Low system demand/ costly fuel,2020-08-26
KOTA TPS,Unit 3,L,210.0,3.26,0.0,296.75999999999976,216.9,,210.0,44041.48819444444,,WATER WALL TUBE LEAKAGE,2020-08-26
KOTA TPS,Unit 4, ,210.0,4.13,0.0,668.3799999999999,290.77,,210.0,44055.46666666667,,Low system demand/ costly fuel,2020-08-26
KOTA TPS,Unit 5, ,210.0,3.8,0.0,430.0000000000001,214.87,,210.0,44046.46944444445,,Low system demand/ costly fuel,2020-08-26
KOTA TPS,Unit 6, ,195.0,3.26,0.0,473.75999999999976,207.99,,195.0,44054.510416666664,,Low system demand/ costly fuel,2020-08-26
KOTA TPS,Unit 7,L,195.0,3.58,0.0,584.0800000000007,391.17,,195.0,44053.510416666664,,P.A. FANS PROBLEM,2020-08-26
SURATGARH TPS,,,2160.0,23.220000000000002,4.99,3641.5799999999967,251.51,21.0,1910.0,,,,2020-08-26
SURATGARH TPS,Unit 1, ,250.0,2.78,4.99,396.13999999999965,170.09,,0.0,,,,2020-08-26
SURATGARH TPS,Unit 2,L,250.0,2.65,0.0,427.8999999999994,25.6,,250.0,44032.01388888889,,ABNORMAL BOILER OPERATIONAL PARAMETER,2020-08-26
SURATGARH TPS,Unit 3,L,250.0,2.81,0.0,395.06000000000006,29.38,,250.0,43962.924305555556,,RSD/LOW SCHEDULE,2020-08-26
SURATGARH TPS,Unit 4,L,250.0,2.65,0.0,427.8999999999994,8.41,,250.0,44033.5375,,ABNORMAL BOILER OPERATIONAL PARAMETER,2020-08-26
SURATGARH TPS,Unit 5,L,250.0,2.65,0.0,427.8999999999994,0.0,,250.0,43795.729166666664,,RSD/LOW SCHEDULE,2020-08-26
SURATGARH TPS,Unit 6,L,250.0,2.65,0.0,427.8999999999994,0.0,,250.0,43896.57847222222,,RSD/LOW SCHEDULE,2020-08-26
SURATGARH TPS,Unit 7,S,660.0,7.03,0.0,1138.7799999999993,18.03,,660.0,44065.84861111111,,ELECTRICAL MISCELLANEOUS PROBLEMS,2020-08-26
SURATGARH TPS,Unit 8, ,0.0,0.0,0.0,0.0,0.0,,0.0,,,unit not yet commissioned,2020-08-26
DHOLPUR CCPP,,,330.0,0.6900000000000001,0.0,101.93999999999994,100.22,,0.0,,,,2020-08-26
RAMGARH CCPP,,,273.8,2.4400000000000004,1.08,397.03999999999985,266.31,,50.0,,,,2020-08-26
JAWAHAR SAGAR  HPS,,,99.0,0.16,0.0,8.160000000000004,31.56,,0.0,,,,2020-08-26
MAHI BAJAJ-I HPS,,,50.0,0.0,1.16,2.0,10.21,,0.0,,,,2020-08-26
MAHI BAJAJ-II HPS,,,90.0,0.0,0.47,1.0,7.42,,0.0,,,,2020-08-26
R P SAGAR  HPS,,,172.0,0.0,0.0,0.0,8.29,,129.0,,,,2020-08-26
JALIPA KAPURDI TPP,,,1080.0,20.91,19.28,2998.299999999997,2769.1000000000004,,135.0,,,,2020-08-26
JALIPA KAPURDI TPP,Unit 1, ,135.0,2.58,2.69,394.0799999999996,296.17,,0.0,,,,2020-08-26
JALIPA KAPURDI TPP,Unit 2, ,135.0,2.58,2.71,392.0799999999996,320.43,,0.0,,,,2020-08-26
JALIPA KAPURDI TPP,Unit 3, ,135.0,2.71,2.71,379.45999999999947,352.56,,0.0,,,,2020-08-26
JALIPA KAPURDI TPP,Unit 4, ,135.0,2.62,2.71,354.9200000000001,304.27,,0.0,,,,2020-08-26
JALIPA KAPURDI TPP,Unit 5,S,135.0,2.58,0.0,381.0799999999996,364.92,,135.0,44068.95972222222,,BOILER MISC. PROBLEM,2020-08-26
JALIPA KAPURDI TPP,Unit 6, ,135.0,2.58,2.65,392.0799999999996,364.87,,0.0,,,,2020-08-26
JALIPA KAPURDI TPP,Unit 7, ,135.0,2.58,2.65,383.0799999999996,399.9,,0.0,,,,2020-08-26
JALIPA KAPURDI TPP,Unit 8, ,135.0,2.68,3.16,321.5200000000001,365.98,,0.0,,,,2020-08-26
KAWAI TPS,,,1320.0,10.52,21.71,3261.5199999999995,2933.19,29.0,0.0,,,,2020-08-26
KAWAI TPS,Unit 1,*,660.0,10.52,9.38,1704.5199999999995,1412.92,,0.0,44065.94375,26/08/2020 03:59:00,BOILER AUX. MISC. PROMLEMS,2020-08-26
KAWAI TPS,Unit 2, ,660.0,0.0,12.33,1557.0,1520.27,,0.0,,,,2020-08-26
BARSINGSAR LIGNITE,,,250.0,4.800000000000001,3.69,553.7999999999997,594.3199999999999,,125.0,,,,2020-08-26
BARSINGSAR LIGNITE,Unit 1,S,125.0,2.35,0.81,265.09999999999997,291.0,,125.0,44069.30763888889,,BOILER MISC. PROBLEM,2020-08-26
BARSINGSAR LIGNITE,Unit 2, ,125.0,2.45,2.88,288.6999999999997,303.32,,0.0,,,,2020-08-26
ANTA CCPP,,,419.33,1.04,4.77,129.04000000000005,306.54,,419.33,,,,2020-08-26
DAE (RAJASTHAN),,,100.0,0.0,0.0,0.0,0.0,,100.0,,,,2020-08-26
DAE (RAJASTHAN),Unit 1,L,100.0,0.0,0.0,0.0,0.0,,100.0,38269.95694444444,,GENERATOR EARTH FAULT,2020-08-26
RAJASTHAN  A.P.S.,,,1080.0,17.92,20.0,2657.920000000002,3161.34,,200.0,,,,2020-08-26
RAJASTHAN  A.P.S.,Unit 2,L,200.0,0.0,0.0,0.0,335.4,,200.0,44013.010416666664,,REACTOR MAINTENANCE WORKS.,2020-08-26
RAJASTHAN  A.P.S.,Unit 3, ,220.0,4.48,4.14,664.4800000000005,659.39,,0.0,,,,2020-08-26
RAJASTHAN  A.P.S.,Unit 4, ,220.0,4.48,5.01,664.4800000000005,707.2,,0.0,,,,2020-08-26
RAJASTHAN  A.P.S.,Unit 5, ,220.0,4.48,5.39,664.4800000000005,659.56,,0.0,,,,2020-08-26
RAJASTHAN  A.P.S.,Unit 6, ,220.0,4.48,5.46,664.4800000000005,799.79,,0.0,,,,2020-08-26
CHIBRO (YAMUNA)  HPS,,,240.0,3.94,4.6,427.43999999999994,525.54,,240.0,,,,2020-08-26
CHILLA  HPS,,,144.0,1.94,3.1,319.43999999999994,324.09,,0.0,,,,2020-08-26
DHAKRANI  HPS,,,33.75,0.55,0.7,61.299999999999926,95.03,,11.25,,,,2020-08-26
DHALIPUR  HPS,,,51.0,0.65,0.66,94.90000000000015,96.74,,17.0,,,,2020-08-26
KHATIMA  HPS,,,41.400000000000006,0.87,0.98,110.62000000000012,111.83,,0.0,,,,2020-08-26
KHODRI  HPS,,,120.0,1.77,1.97,192.02000000000027,234.93,,120.0,,,,2020-08-26
KULHAL  HPS,,,30.0,0.58,0.62,59.079999999999956,72.29,,20.0,,,,2020-08-26
MANERI BHALI - I  HPS,,,90.0,0.26,0.73,133.75999999999982,162.51,,0.0,,,,2020-08-26
MANERI BHALI - II  HPS,,,304.0,6.06,5.82,736.5599999999986,721.34,,0.0,,,,2020-08-26
RAMGANGA  HPS,,,198.0,0.0,1.72,44.0,72.08,,66.0,,,,2020-08-26
VYASI HPS,,,0.0,0.0,0.0,0.0,0.0,,0.0,,,,2020-08-26
BETA CCPP,,,0.0,0.0,0.0,0.0,0.0,,0.0,,,,2020-08-26
GAMA CCPP,,,225.0,1.0,0.0,148.0,2.21,,0.0,,,,2020-08-26
KASHIPUR CCPP,,,225.0,2.0,0.0,266.0,4.44,,0.0,,,,2020-08-26
SHRINAGAR HPS,,,330.0,7.45,7.98,726.7000000000012,864.5699999999999,,0.0,,,,2020-08-26
SINGOLI BHATWARI HPS,,,0.0,0.52,0.0,58.52000000000008,0.0,,0.0,,,,2020-08-26
VISHNU PRAYAG  HPS,,,400.0,8.19,10.46,905.9400000000014,1070.2800000000002,,0.0,,,,2020-08-26
DHAULI GANGA  HPS,,,280.0,6.71,6.87,673.4600000000008,745.21,,0.0,,,,2020-08-26
KOTESHWAR HPS,,,400.0,6.55,2.55,522.3000000000002,553.44,,0.0,,,,2020-08-26
TANAKPUR  HPS,,,94.19999999999999,2.13,2.2800000000000002,250.37999999999988,262.99,,31.4,,,,2020-08-26
TAPOVAN VISHNUGAD HPS,,,0.0,0.0,0.0,0.0,0.0,,0.0,,,,2020-08-26
TEHRI ST-1  HPS,,,1000.0,18.68,7.71,1194.6799999999998,1219.96,,0.0,,,,2020-08-26
ANPARA TPS,,,2630.0,52.650000000000006,32.09,8420.900000000001,6084.540000000001,22.0,1210.0,,,,2020-08-26
ANPARA TPS,Unit 1, ,210.0,3.94,3.65,638.4400000000014,488.84,,0.0,,,,2020-08-26
ANPARA TPS,Unit 2, ,210.0,3.94,4.36,638.4400000000014,544.65,,0.0,,,,2020-08-26
ANPARA TPS,Unit 3,S,210.0,4.26,0.0,574.7599999999998,551.99,,210.0,44055.89861111111,,WATER WALL TUBE LEAKAGE,2020-08-26
ANPARA TPS,Unit 4,S,500.0,10.16,0.0,1650.1600000000021,1300.57,,500.0,44066.31319444445,,RSD/LOW SCHEDULE,2020-08-26
ANPARA TPS,Unit 5, ,500.0,9.71,12.12,1574.460000000001,1596.97,,0.0,,,,2020-08-26
ANPARA TPS,Unit 6, ,500.0,10.32,11.96,1672.3199999999983,1601.52,,0.0,,,,2020-08-26
ANPARA TPS,Unit 7,L,500.0,10.32,0.0,1672.3199999999983,0.0,,500.0,43782.592361111114,,HYDROGEN PRESSURE PROBLEM,2020-08-26
HARDUAGANJ TPS,,,605.0,13.29,10.32,1592.5400000000006,957.13,46.0,105.0,,,,2020-08-26
HARDUAGANJ TPS,Unit 7,L,105.0,1.06,0.0,172.56000000000006,0.0,,105.0,43837.677083333336,,RSD/LOW SCHEDULE,2020-08-26
HARDUAGANJ TPS,Unit 8, ,250.0,4.16,5.14,674.1599999999992,443.72,,0.0,,,,2020-08-26
HARDUAGANJ TPS,Unit 9, ,250.0,3.94,5.18,638.4400000000014,513.41,,0.0,,,,2020-08-26
HARDUAGANJ TPS,Unit 10, ,0.0,4.13,0.0,107.37999999999997,0.0,,0.0,,,unit not yet commissioned,2020-08-26
OBRA TPS,,,1094.0,13.080000000000002,12.39,2115.079999999998,1655.6100000000001,20.0,494.0,,,,2020-08-26
OBRA TPS,Unit 7,P,94.0,0.0,0.0,0.0,0.0,,94.0,40355.55902777778,,R AND M / REFURBISHMENT WORKS,2020-08-26
OBRA TPS,Unit 9,*,200.0,2.65,3.34,427.8999999999994,460.08,,0.0,44069.481944444444,26/08/2020 12:30:00,ELECTRICAL MISCELLANEOUS PROBLEMS,2020-08-26
OBRA TPS,Unit 10, ,200.0,3.0,4.49,488.0,294.01,,0.0,,,,2020-08-26
OBRA TPS,Unit 11,S,200.0,2.65,0.0,427.8999999999994,455.6,,200.0,44068.48402777778,,BOILER MISC. PROBLEM,2020-08-26
OBRA TPS,Unit 12, ,200.0,2.65,4.56,427.8999999999994,445.92,,0.0,,,,2020-08-26
OBRA TPS,Unit 13,P,200.0,2.13,0.0,343.3799999999999,0.0,,200.0,43163.368055555555,,R AND M / REFURBISHMENT WORKS,2020-08-26
PARICHHA TPS,,,1140.0,14.84,16.29,2404.8400000000015,1521.04,17.0,220.0,,,,2020-08-26
PARICHHA TPS,Unit 1,P,110.0,0.0,0.0,0.0,0.0,,110.0,42558.74930555555,,R AND M / REFURBISHMENT WORKS,2020-08-26
PARICHHA TPS,Unit 2,P,110.0,0.0,0.0,0.0,0.0,,110.0,43829.89722222222,,R AND M / REFURBISHMENT works,2020-08-26
PARICHHA TPS,Unit 3, ,210.0,3.16,3.23,513.1600000000007,278.42,,0.0,,,,2020-08-26
PARICHHA TPS,Unit 4, ,210.0,3.45,3.22,556.7000000000004,280.25,,0.0,,,,2020-08-26
PARICHHA TPS,Unit 5, ,250.0,3.94,4.92,638.4400000000014,499.32,,0.0,,,,2020-08-26
PARICHHA TPS,Unit 6, ,250.0,4.29,4.92,696.539999999999,463.05,,0.0,,,,2020-08-26
KHARA  HPS,,,72.0,1.29,1.52,158.53999999999982,190.26,,24.0,,,,2020-08-26
MATATILA  HPS,,,30.599999999999998,0.19,0.5,16.939999999999994,12.11,,0.0,,,,2020-08-26
OBRA  HPS,,,99.0,0.65,1.38,66.89999999999999,145.58,,0.0,,,,2020-08-26
RIHAND  HPS,,,300.0,1.94,3.47,192.43999999999994,342.01,,50.0,,,,2020-08-26
ANPARA C TPS,,,1200.0,23.740000000000002,27.200000000000003,3828.2400000000002,3445.9300000000003,5.0,0.0,,,,2020-08-26
ANPARA C TPS,Unit 1, ,600.0,11.26,13.64,1827.7599999999998,1696.98,,0.0,,,,2020-08-26
ANPARA C TPS,Unit 2, ,600.0,12.48,13.56,2000.4800000000005,1748.95,,0.0,,,,2020-08-26
BARKHERA TPS,,,90.0,0.55,0.35,86.30000000000001,72.12,31.0,90.0,,,,2020-08-26
BARKHERA TPS,Unit 1,*,45.0,0.0,0.17,55.0,35.97,,45.0,44056.489583333336,26/08/2020 17:54:00,RSD/LOW SCHEDULE,2020-08-26
BARKHERA TPS,Unit 2,*,45.0,0.55,0.18,31.30000000000002,36.15,,45.0,44056.489583333336,26/08/2020 17:40:00,RSD/LOW SCHEDULE,2020-08-26
KHAMBARKHERA TPS,,,90.0,0.55,0.06,86.30000000000001,75.18,28.0,90.0,,,,2020-08-26
KHAMBARKHERA TPS,Unit 1,*,45.0,0.0,0.03,55.0,36.28,,45.0,44056.47986111111,26/08/2020 17:59:00,RSD/LOW SCHEDULE,2020-08-26
KHAMBARKHERA TPS,Unit 2,*,45.0,0.55,0.03,31.30000000000002,38.9,,45.0,44056.489583333336,26/08/2020 18:06:00,RSD/LOW SCHEDULE,2020-08-26
KUNDARKI TPS,,,90.0,0.55,1.33,86.30000000000001,108.09,27.0,0.0,,,,2020-08-26
KUNDARKI TPS,Unit 1, ,45.0,0.0,0.67,55.0,54.74,,0.0,,,,2020-08-26
KUNDARKI TPS,Unit 2, ,45.0,0.55,0.66,31.30000000000002,53.35,,0.0,,,,2020-08-26
LALITPUR TPS,,,1980.0,28.16,33.96,4577.160000000002,2792.98,16.0,0.0,,,,2020-08-26
LALITPUR TPS,Unit 1, ,660.0,9.16,11.36,1489.1600000000021,1027.19,,0.0,,,,2020-08-26
LALITPUR TPS,Unit 2, ,660.0,9.84,11.36,1598.8399999999979,856.62,,0.0,,,,2020-08-26
LALITPUR TPS,Unit 3, ,660.0,9.16,11.24,1489.1600000000021,909.17,,0.0,,,,2020-08-26
MAQSOODPUR TPS,,,90.0,0.55,0.3,86.30000000000001,66.34,32.0,90.0,,,,2020-08-26
MAQSOODPUR TPS,Unit 1,*,45.0,0.0,0.15,55.0,33.71,,45.0,44056.490277777775,26/08/2020 18:02:00,RSD/LOW SCHEDULE,2020-08-26
MAQSOODPUR TPS,Unit 2,*,45.0,0.55,0.15,31.30000000000002,32.63,,45.0,44056.490277777775,26/08/2020 17:45:00,RSD/LOW SCHEDULE,2020-08-26
PRAYAGRAJ TPP,,,1980.0,25.119999999999997,27.83,3881.119999999997,3888.0099999999998,31.0,660.0,,,,2020-08-26
PRAYAGRAJ TPP,Unit 1, ,660.0,8.03,13.46,1108.7799999999993,1622.39,,0.0,,,,2020-08-26
PRAYAGRAJ TPP,Unit 2, ,660.0,8.74,12.19,1419.2400000000002,1547.85,,0.0,,,,2020-08-26
PRAYAGRAJ TPP,Unit 3,S,660.0,8.35,2.18,1353.0999999999976,717.77,,660.0,44069.177777777775,,WATER WALL TUBE LEAKAGE,2020-08-26
ROSA TPP Ph-I,,,1200.0,19.32,21.36,3127.320000000001,2939.29,22.0,0.0,,,,2020-08-26
ROSA TPP Ph-I,Unit 1, ,300.0,4.74,5.3,767.2400000000002,736.21,,0.0,,,,2020-08-26
ROSA TPP Ph-I,Unit 2, ,300.0,5.1,5.39,825.6000000000006,757.44,,0.0,,,,2020-08-26
ROSA TPP Ph-I,Unit 3, ,300.0,4.74,5.38,767.2400000000002,729.61,,0.0,,,,2020-08-26
ROSA TPP Ph-I,Unit 4, ,300.0,4.74,5.29,767.2400000000002,716.03,,0.0,,,,2020-08-26
UTRAULA TPS,,,90.0,0.55,1.28,86.30000000000001,135.55,23.0,0.0,,,,2020-08-26
UTRAULA TPS,Unit 1, ,45.0,0.0,0.64,55.0,75.69,,0.0,,,,2020-08-26
UTRAULA TPS,Unit 2, ,45.0,0.55,0.64,31.30000000000002,59.86,,0.0,,,,2020-08-26
DADRI (NCTPP),,,1820.0,22.69,6.85,3565.9400000000014,1261.45,22.0,1330.0,,,,2020-08-26
DADRI (NCTPP),Unit 1,L,210.0,2.32,0.0,262.3199999999998,45.25,,210.0,44049.6,27/08/2020,CONSERVATION OF MAIN FUEL/RSD,2020-08-26
DADRI (NCTPP),Unit 2,S,210.0,2.35,0.0,383.1000000000006,63.0,,210.0,44062.60625,27/08/2020,CONSERVATION OF MAIN FUEL/RSD,2020-08-26
DADRI (NCTPP),Unit 3,S,210.0,2.48,0.0,401.4800000000005,43.24,,210.0,44058.0,27/08/2020,CONSERVATION OF MAIN FUEL/RSD,2020-08-26
DADRI (NCTPP),Unit 4,L,210.0,2.45,0.0,398.6999999999997,48.74,,210.0,44049.6375,27/08/2020,CONSERVATION OF MAIN FUEL/RSD,2020-08-26
DADRI (NCTPP),Unit 5,S,490.0,6.77,0.0,1098.0199999999995,635.31,,490.0,44058.39444444444,27/08/2020,CONSERVATION OF MAIN FUEL/RSD,2020-08-26
DADRI (NCTPP),Unit 6, ,490.0,6.32,6.85,1022.3200000000013,425.91,,0.0,,,,2020-08-26
MEJA STPP,,,660.0,7.87,9.98,1542.6199999999972,958.86,40.0,0.0,,,,2020-08-26
MEJA STPP,Unit 1, ,660.0,7.87,9.98,1278.6199999999972,958.86,,0.0,,,,2020-08-26
MEJA STPP,Unit 2, ,0.0,0.0,0.0,264.0,0.0,,0.0,,,unit not yet commissioned,2020-08-26
RIHAND STPS,,,3000.0,56.86000000000001,71.18,8250.359999999991,10046.57,4.0,0.0,,,,2020-08-26
RIHAND STPS,Unit 1, ,500.0,9.03,10.74,884.7799999999993,1455.51,,0.0,,,,2020-08-26
RIHAND STPS,Unit 2, ,500.0,10.1,12.36,1640.5999999999976,1746.57,,0.0,,,,2020-08-26
RIHAND STPS,Unit 3, ,500.0,9.58,12.11,1553.079999999998,1638.25,,0.0,,,,2020-08-26
RIHAND STPS,Unit 4, ,500.0,9.06,11.92,1469.5599999999986,1750.69,,0.0,,,,2020-08-26
RIHAND STPS,Unit 5, ,500.0,10.35,12.03,1678.0999999999976,1745.64,,0.0,,,,2020-08-26
RIHAND STPS,Unit 6, ,500.0,8.74,12.02,1024.2400000000002,1709.91,,0.0,,,,2020-08-26
SINGRAULI STPS,,,2000.0,34.03,39.769999999999996,5957.719999999996,5989.120000000001,13.0,200.0,,,,2020-08-26
SINGRAULI STPS,Unit 1, ,200.0,0.0,4.94,624.9400000000005,706.05,,0.0,,,,2020-08-26
SINGRAULI STPS,Unit 2, ,200.0,3.81,3.22,432.06000000000006,485.0,,0.0,,,,2020-08-26
SINGRAULI STPS,Unit 3, ,200.0,4.06,4.88,657.5599999999986,619.35,,0.0,,,,2020-08-26
SINGRAULI STPS,Unit 4, ,200.0,3.68,4.98,596.6799999999988,711.66,,0.0,,,,2020-08-26
SINGRAULI STPS,Unit 5,P,200.0,3.68,0.0,596.6799999999988,570.62,,200.0,44040.12986111111,27/08/2020,OVERHAULING WORKS,2020-08-26
SINGRAULI STPS,Unit 6, ,500.0,9.06,9.96,1469.5599999999986,1359.5,,0.0,,,,2020-08-26
SINGRAULI STPS,Unit 7, ,500.0,9.74,11.79,1580.2400000000002,1536.94,,0.0,,,,2020-08-26
TANDA TPS,,,1100.0,11.96,14.33,1893.96,2376.3,55.0,440.0,,,,2020-08-26
TANDA TPS,Unit 1,*,110.0,1.19,0.34,192.93999999999994,162.7,,110.0,44062.47222222222,26/08/2020 18:36:00,CONSERVATION OF MAIN FUEL/RSD,2020-08-26
TANDA TPS,Unit 2,*,110.0,1.19,0.54,192.93999999999994,155.66,,110.0,44062.46527777778,26/08/2020 15:25:00,CONSERVATION OF MAIN FUEL/RSD,2020-08-26
TANDA TPS,Unit 3,*,110.0,1.29,0.64,165.5399999999998,145.23,,110.0,44057.43819444445,26/08/2020 13:41:00,CONSERVATION OF MAIN FUEL/RSD,2020-08-26
TANDA TPS,Unit 4,*,110.0,1.32,0.45,213.31999999999982,158.81,,110.0,44062.459027777775,26/08/2020 17:01:00,CONSERVATION OF MAIN FUEL/RSD,2020-08-26
TANDA TPS,Unit 5, ,660.0,6.97,12.36,1129.2200000000007,1753.9,,0.0,,,,2020-08-26
TANDA TPS,Unit 6, ,0.0,0.0,0.0,0.0,0.0,,0.0,,,unit not yet commissioned,2020-08-26
UNCHAHAR TPS,,,1550.0,24.21,23.560000000000002,3764.459999999997,2529.16,24.0,0.0,,,,2020-08-26
UNCHAHAR TPS,Unit 1, ,210.0,3.32,3.08,538.3200000000003,268.4,,0.0,,,,2020-08-26
UNCHAHAR TPS,Unit 2, ,210.0,3.16,2.93,352.16000000000065,231.34,,0.0,,,,2020-08-26
UNCHAHAR TPS,Unit 3, ,210.0,2.77,3.24,447.0199999999995,281.53,,0.0,,,,2020-08-26
UNCHAHAR TPS,Unit 4, ,210.0,3.06,3.16,495.56000000000006,278.98,,0.0,,,,2020-08-26
UNCHAHAR TPS,Unit 5, ,210.0,3.03,3.17,492.7799999999993,445.07,,0.0,,,,2020-08-26
UNCHAHAR TPS,Unit 6, ,500.0,8.87,7.98,1438.6199999999972,1023.84,,0.0,,,,2020-08-26
AURAIYA CCPP,,,663.3599999999999,0.9700000000000001,0.7000000000000001,139.22000000000006,572.5,,440.98,,,,2020-08-26
DADRI CCPP,,,829.78,4.26,10.56,611.7600000000004,927.64,,569.4,,,,2020-08-26
NARORA  A.P.S.,,,440.0,8.96,9.8,1126.960000000001,1390.02,,0.0,,,,2020-08-26
NARORA  A.P.S.,Unit 1, ,220.0,4.48,5.01,664.4800000000005,678.87,,0.0,,,,2020-08-26
NARORA  A.P.S.,Unit 2, ,220.0,4.48,4.79,462.4800000000005,711.15,,0.0,,,,2020-08-26
DSPM TPS,,,500.0,10.489999999999998,9.7,1462.7400000000002,1530.76,10.0,0.0,,,,2020-08-26
DSPM TPS,Unit 1, ,250.0,5.1,5.03,827.6000000000006,795.45,,0.0,,,,2020-08-26
DSPM TPS,Unit 2, ,250.0,5.39,4.67,635.1399999999996,735.31,,0.0,,,,2020-08-26
KORBA-III,,,240.0,1.9,3.75,300.40000000000015,552.72,11.0,0.0,,,,2020-08-26
KORBA-III,Unit 1, ,120.0,0.0,1.92,190.0,277.74,,0.0,,,,2020-08-26
KORBA-III,Unit 2, ,120.0,1.9,1.83,110.40000000000013,274.98,,0.0,,,,2020-08-26
KORBA-WEST TPS,,,1340.0,26.65,25.64,3559.2999999999993,3890.1900000000005,4.0,0.0,,,,2020-08-26
KORBA-WEST TPS,Unit 1, ,210.0,4.06,3.83,657.5599999999986,595.91,,0.0,,,,2020-08-26
KORBA-WEST TPS,Unit 2,*,210.0,3.9,2.97,441.3999999999994,565.28,,0.0,44065.45972222222,26/08/2020 04:33:00,REHEATER TUBE LEAKAGE,2020-08-26
KORBA-WEST TPS,Unit 3, ,210.0,4.19,3.99,678.9400000000014,603.25,,0.0,,,,2020-08-26
KORBA-WEST TPS,Unit 4, ,210.0,3.73,3.57,504.3800000000001,529.45,,0.0,,,,2020-08-26
KORBA-WEST TPS,Unit 5, ,500.0,10.77,11.28,1277.0199999999995,1596.3,,0.0,,,,2020-08-26
MARWA TPS,,,1000.0,19.23,17.810000000000002,3118.9800000000005,1764.2600000000002,7.0,0.0,,,,2020-08-26
MARWA TPS,Unit 1, ,500.0,9.39,9.13,1524.1400000000026,1377.38,,0.0,,,,2020-08-26
MARWA TPS,Unit 2, ,500.0,9.84,8.68,1594.8399999999979,386.88,,0.0,,,,2020-08-26
HASDEOBANGO  HPS,,,120.0,1.61,2.78,97.85999999999999,204.08,,0.0,,,,2020-08-26
AKALTARA TPS,,,1800.0,24.160000000000004,36.75,3816.160000000002,4870.1900000000005,10.0,0.0,,,,2020-08-26
AKALTARA TPS,Unit 1, ,0.0,0.0,0.0,0.0,0.0,,0.0,,,unit not yet commissioned,2020-08-26
AKALTARA TPS,Unit 2, ,600.0,8.13,11.23,1317.3800000000028,1466.01,,0.0,,,,2020-08-26
AKALTARA TPS,Unit 3, ,600.0,8.29,12.67,1342.539999999999,1684.76,,0.0,,,,2020-08-26
AKALTARA TPS,Unit 4, ,600.0,7.74,12.85,1156.2400000000002,1719.42,,0.0,,,,2020-08-26
AVANTHA BHANDAR,,,600.0,0.0,12.18,548.0,547.52,,0.0,,,,2020-08-26
AVANTHA BHANDAR,Unit 1, ,600.0,0.0,12.18,548.0,547.52,,0.0,,,,2020-08-26
BALCO TPS,,,600.0,8.190000000000001,13.58,1198.9400000000014,1451.07,16.0,0.0,,,,2020-08-26
BALCO TPS,Unit 1, ,300.0,4.32,6.24,703.3200000000013,712.17,,0.0,,,,2020-08-26
BALCO TPS,Unit 2, ,300.0,3.87,7.34,495.6200000000001,738.9,,0.0,,,,2020-08-26
BANDAKHAR TPP,,,300.0,0.0,5.75,921.0199999999991,859.57,48.0,0.0,,,,2020-08-26
BANDAKHAR TPP,Unit 1, ,300.0,0.0,5.75,921.0199999999991,859.57,,0.0,,,,2020-08-26
BARADARHA TPS,,,1200.0,18.32,20.64,2978.3200000000043,2901.84,6.0,0.0,,,,2020-08-26
BARADARHA TPS,Unit 1, ,600.0,9.16,10.31,1489.1600000000021,1581.57,,0.0,,,,2020-08-26
BARADARHA TPS,Unit 2, ,600.0,9.16,10.33,1489.1600000000021,1320.27,,0.0,,,,2020-08-26
BINJKOTE TPP,,,600.0,6.96,5.37,1128.960000000001,696.5799999999999,5.0,300.0,,,,2020-08-26
BINJKOTE TPP,Unit 1, ,300.0,3.48,0.0,564.4800000000005,106.32,,300.0,43969.5,,Low system demand/ costly fuel,2020-08-26
BINJKOTE TPP,Unit 2, ,300.0,3.48,5.37,564.4800000000005,590.26,,0.0,,,,2020-08-26
CHAKABURA TPP,,,30.0,0.68,0.61,100.68000000000018,90.33,,0.0,,,,2020-08-26
CHAKABURA TPP,Unit 1, ,0.0,0.0,0.0,0.0,0.0,,0.0,,,unit not yet commissioned,2020-08-26
CHAKABURA TPP,Unit 2, ,30.0,0.68,0.61,100.68000000000018,90.33,,0.0,,,,2020-08-26
KASAIPALLI TPP,,,270.0,4.7,4.880000000000001,766.2000000000012,715.29,,0.0,,,,2020-08-26
KASAIPALLI TPP,Unit 1, ,135.0,2.35,2.45,383.1000000000006,339.31,,0.0,,,,2020-08-26
KASAIPALLI TPP,Unit 2, ,135.0,2.35,2.43,383.1000000000006,375.98,,0.0,,,,2020-08-26
KATGHORA TPP,,,35.0,0.0,0.0,0.0,0.0,,35.0,,,,2020-08-26
KATGHORA TPP,Unit 1,L,35.0,0.0,0.0,0.0,0.0,,35.0,41197.01944444444,,NO Power purchase agreement,2020-08-26
NAWAPARA TPP,,,600.0,9.67,5.94,1336.780000000001,661.99,19.0,300.0,,,,2020-08-26
NAWAPARA TPP,Unit 1,L,300.0,4.84,0.0,781.8400000000008,0.0,,300.0,43915.0,,FUEL SUPPLY & OTHER MISC. PROBLEMS,2020-08-26
NAWAPARA TPP,Unit 2, ,300.0,4.83,5.94,554.9400000000002,661.99,,0.0,,,,2020-08-26
OP JINDAL TPS,,,1000.0,6.32,5.04,1024.3200000000006,951.6700000000001,,750.0,,,,2020-08-26
OP JINDAL TPS,Unit 1,L,250.0,3.16,0.0,82.15999999999995,162.64,,250.0,44040.49097222222,,ELECTRICAL MISCELLANEOUS PROBLEMS,2020-08-26
OP JINDAL TPS,Unit 2, ,250.0,0.0,0.0,431.0,142.58,,250.0,44055.0,,Low system demand/ costly fuel,2020-08-26
OP JINDAL TPS,Unit 3, ,250.0,0.0,5.04,0.0,161.97,,0.0,,,,2020-08-26
OP JINDAL TPS,Unit 4,L,250.0,3.16,0.0,511.16000000000065,484.48,,250.0,44035.99998842592,,COAL SHORTAGE,2020-08-26
PATHADI STAGE II,,,0.0,0.0,0.0,0.0,0.0,,0.0,,,,2020-08-26
PATHADI STAGE II,Unit 1, ,0.0,0.0,0.0,0.0,0.0,,0.0,,,unit not yet commissioned,2020-08-26
PATHADI TPP,,,600.0,9.94,14.47,1616.4400000000014,1859.8899999999999,12.0,0.0,,,,2020-08-26
PATHADI TPP,Unit 1, ,300.0,4.97,7.24,808.2200000000007,961.63,,0.0,,,,2020-08-26
PATHADI TPP,Unit 2, ,300.0,4.97,7.23,808.2200000000007,898.26,,0.0,,,,2020-08-26
RAIKHEDA TPP,,,1370.0,11.3,11.69,1538.3999999999992,2059.76,,685.0,,,,2020-08-26
RAIKHEDA TPP,Unit 1, ,685.0,11.3,0.0,1538.3999999999992,546.5,,685.0,44057.00208333333,,Low system demand/ costly fuel,2020-08-26
RAIKHEDA TPP,Unit 2, ,685.0,0.0,11.69,0.0,1513.26,,0.0,,,,2020-08-26
RATIJA TPS,,,100.0,1.88,1.19,302.8799999999999,224.15,,50.0,,,,2020-08-26
RATIJA TPS,Unit 1,S,50.0,0.94,0.0,151.43999999999994,90.32,,50.0,44068.89791666667,,COAL SHORTAGE,2020-08-26
RATIJA TPS,Unit 2, ,50.0,0.94,1.19,151.43999999999994,133.83,,0.0,,,,2020-08-26
SALORA TPP,,,135.0,0.0,0.0,0.0,0.0,,135.0,,,,2020-08-26
SALORA TPP,Unit 1,L,135.0,0.0,0.0,0.0,0.0,,135.0,41931.1875,,NO Power purchase agreement,2020-08-26
SALORA TPP,Unit 2, ,0.0,0.0,0.0,0.0,0.0,,0.0,,,unit not yet commissioned,2020-08-26
SINGHITARAI TPP,,,0.0,0.0,0.0,0.0,0.0,,0.0,,,,2020-08-26
SINGHITARAI TPP,Unit 1, ,0.0,0.0,0.0,0.0,0.0,,0.0,,,unit not yet commissioned,2020-08-26
SINGHITARAI TPP,Unit 2, ,0.0,0.0,0.0,0.0,0.0,,0.0,,,unit not yet commissioned,2020-08-26
SVPL TPP,,,63.0,0.71,0.0,111.45999999999984,0.0,,63.0,,,,2020-08-26
SVPL TPP,Unit 1,L,63.0,0.71,0.0,111.45999999999984,0.0,,63.0,43919.0,,NON AVAILABILITY OF MAN POWER,2020-08-26
SWASTIK KORBA TPP,,,25.0,0.0,0.0,0.0,0.0,,25.0,,,,2020-08-26
SWASTIK KORBA TPP,Unit 1,L,25.0,0.0,0.0,0.0,0.0,,25.0,42095.01388888889,,NO Power purchase agreement,2020-08-26
TAMNAR TPP,,,2400.0,18.87,22.729999999999997,2883.619999999997,2743.37,9.0,1200.0,,,,2020-08-26
TAMNAR TPP,Unit 1, ,600.0,6.55,11.36,891.2999999999988,812.77,,0.0,,,,2020-08-26
TAMNAR TPP,Unit 2,L,600.0,6.16,0.0,996.1599999999992,141.72,,600.0,43936.0,,COAL SHORTAGE,2020-08-26
TAMNAR TPP,Unit 3, ,600.0,6.16,11.37,996.1599999999992,1540.83,,0.0,,,,2020-08-26
TAMNAR TPP,Unit 4,L,600.0,0.0,0.0,0.0,248.05,,600.0,43976.50277777778,,COAL SHORTAGE,2020-08-26
UCHPINDA TPP,,,1440.0,3.58,13.9,1252.0799999999995,1502.0100000000002,4.0,720.0,,,,2020-08-26
UCHPINDA TPP,Unit 1, ,360.0,0.0,6.5,275.0,189.05,,0.0,,,,2020-08-26
UCHPINDA TPP,Unit 2, ,360.0,3.58,7.4,454.0799999999996,1015.6,,0.0,,,,2020-08-26
UCHPINDA TPP,Unit 3,L,360.0,0.0,0.0,523.0,297.36,,360.0,44052.0,,RSD/LOW SCHEDULE,2020-08-26
UCHPINDA TPP,Unit 4,L,360.0,0.0,0.0,0.0,0.0,,360.0,43544.65277777778,,RSD/LOW SCHEDULE,2020-08-26
BHILAI TPS,,,500.0,9.93,8.51,1611.1799999999987,1018.99,61.0,0.0,,,,2020-08-26
BHILAI TPS,Unit 1, ,250.0,5.06,4.24,822.5599999999986,637.02,,0.0,,,,2020-08-26
BHILAI TPS,Unit 2, ,250.0,4.87,4.27,788.6200000000001,381.97,,0.0,,,,2020-08-26
KORBA STPS,,,2600.0,39.92,62.89,7664.500000000006,9016.51,16.0,0.0,,,,2020-08-26
KORBA STPS,Unit 1, ,200.0,3.94,4.91,638.4400000000014,700.28,,0.0,,,,2020-08-26
KORBA STPS,Unit 2, ,200.0,4.06,4.92,657.5599999999986,706.94,,0.0,,,,2020-08-26
KORBA STPS,Unit 3, ,200.0,3.68,4.9,492.6800000000002,681.74,,0.0,,,,2020-08-26
KORBA STPS,Unit 4, ,500.0,10.14,12.03,1382.2200000000023,1746.5,,0.0,,,,2020-08-26
KORBA STPS,Unit 5, ,500.0,9.45,12.16,1533.7000000000012,1726.86,,0.0,,,,2020-08-26
KORBA STPS,Unit 6, ,500.0,0.0,12.07,1556.0,1700.24,,0.0,,,,2020-08-26
KORBA STPS,Unit 7, ,500.0,8.65,11.9,1403.9000000000024,1753.95,,0.0,,,,2020-08-26
LARA TPP,,,1600.0,7.71,19.25,1256.460000000001,1101.83,13.0,800.0,,,,2020-08-26
LARA TPP,Unit 1, ,800.0,7.71,19.25,1248.460000000001,1098.59,,0.0,,,,2020-08-26
LARA TPP,Unit 2,L,800.0,0.0,0.0,8.0,3.24,,800.0,44024.26111111111,,NON-READINESS OF RESIDUAL WORK OF NEW UNIT,2020-08-26
SIPAT STPS,,,2980.0,59.7,71.67,8580.469999999996,10120.34,9.0,0.0,,,,2020-08-26
SIPAT STPS,Unit 1, ,660.0,12.32,15.73,1999.3199999999983,2247.21,,0.0,,,,2020-08-26
SIPAT STPS,Unit 2, ,660.0,13.67,15.97,1725.6900000000005,2109.29,,0.0,,,,2020-08-26
SIPAT STPS,Unit 3, ,660.0,12.32,15.79,1999.3199999999983,2273.84,,0.0,,,,2020-08-26
SIPAT STPS,Unit 4, ,500.0,10.29,12.04,1667.539999999999,1749.44,,0.0,,,,2020-08-26
SIPAT STPS,Unit 5, ,500.0,11.1,12.14,1188.599999999999,1740.56,,0.0,,,,2020-08-26
AKRIMOTA LIG TPS,,,250.0,3.84,0.0,619.8399999999993,223.63,,250.0,,,,2020-08-26
AKRIMOTA LIG TPS,Unit 1,S,125.0,1.9,0.0,307.3999999999994,112.36,,125.0,44068.38611111111,,LIGNITE FEEDING PROBLEM IN PLANT,2020-08-26
AKRIMOTA LIG TPS,Unit 2,S,125.0,1.94,0.0,312.43999999999994,111.27,,125.0,44067.771527777775,,LIGNITE FEEDING PROBLEM IN PLANT,2020-08-26
BHAVNAGAR CFBC TPP,,,500.0,2.65,0.0,427.90000000000015,511.99,,500.0,,,,2020-08-26
BHAVNAGAR CFBC TPP,Unit 1,S,250.0,0.0,0.0,274.0,263.89,,250.0,44067.458333333336,,RSD/LOW SCHEDULE,2020-08-26
BHAVNAGAR CFBC TPP,Unit 2,L,250.0,2.65,0.0,153.90000000000015,248.1,,250.0,44044.4875,,COAL FEEDING SYSTEM FAILURE.,2020-08-26
GANDHI NAGAR TPS,,,630.0,5.97,0.0,945.2199999999997,0.0,38.0,630.0,,,,2020-08-26
GANDHI NAGAR TPS,Unit 3,L,210.0,2.65,0.0,408.8999999999994,0.0,,210.0,43912.35,,RSD/LOW SCHEDULE,2020-08-26
GANDHI NAGAR TPS,Unit 4,L,210.0,0.0,0.0,0.0,0.0,,210.0,43912.347916666666,,RSD/LOW SCHEDULE,2020-08-26
GANDHI NAGAR TPS,Unit 5,L,210.0,3.32,0.0,536.3200000000003,0.0,,210.0,43913.70486111111,,RSD/LOW SCHEDULE,2020-08-26
KUTCH LIG. TPS,,,290.0,2.12,0.0,345.1200000000001,350.27,,290.0,,,,2020-08-26
KUTCH LIG. TPS,Unit 1,L,70.0,0.0,0.0,0.0,0.0,,70.0,43694.85,,LIGNITE SHORTAGE,2020-08-26
KUTCH LIG. TPS,Unit 2,L,70.0,0.0,0.0,0.0,0.0,,70.0,43737.0,,LIGNITE SHORTAGE,2020-08-26
KUTCH LIG. TPS,Unit 3,S,75.0,1.06,0.0,172.56000000000006,198.83,,75.0,44065.18402777778,,COAL FEEDING PROBLEM IN PLANT,2020-08-26
KUTCH LIG. TPS,Unit 4,S,75.0,1.06,0.0,172.56000000000006,151.44,,75.0,44067.404861111114,,COAL FEEDING SYSTEM FAILURE.,2020-08-26
SIKKA REP. TPS,,,500.0,3.03,0.0,895.7799999999993,299.51,,500.0,,,,2020-08-26
SIKKA REP. TPS,Unit 3,P,250.0,0.0,0.0,403.0,120.4,,250.0,44032.0,28/08/2020,BOILER OVERHAUL/ ANNUAL MAINTENANCE,2020-08-26
SIKKA REP. TPS,Unit 4,L,250.0,3.03,0.0,492.7799999999993,179.11,,250.0,44050.51111111111,30/08/2020,RSD/LOW SCHEDULE,2020-08-26
UKAI TPS,,,1110.0,14.75,0.0,2472.2999999999993,1058.0,25.0,1110.0,,,,2020-08-26
UKAI TPS,Unit 3,L,200.0,0.0,0.0,435.9500000000001,0.0,,200.0,43914.32986111111,,RSD/LOW SCHEDULE,2020-08-26
UKAI TPS,Unit 4,L,200.0,3.1,0.0,502.6000000000006,343.65,,200.0,44048.933333333334,,RSD/LOW SCHEDULE,2020-08-26
UKAI TPS,Unit 5,L,210.0,2.84,0.0,457.83999999999935,0.0,,210.0,43914.4,,RSD/LOW SCHEDULE,2020-08-26
UKAI TPS,Unit 6,L,500.0,8.81,0.0,1075.9099999999994,714.35,,500.0,44050.44930555556,,RSD/LOW SCHEDULE,2020-08-26
WANAKBORI TPS,,,2270.0,10.27,0.0,4216.5599999999995,760.67,26.0,2270.0,,,,2020-08-26
WANAKBORI TPS,Unit 1,L,210.0,0.0,0.0,246.0,0.0,,210.0,43910.461805555555,,RESERVE SHUT DOWN / STANDBY UNIT,2020-08-26
WANAKBORI TPS,Unit 2,L,210.0,2.13,0.0,123.37999999999988,0.0,,210.0,43893.760416666664,,RESERVE SHUT DOWN / STANDBY UNIT,2020-08-26
WANAKBORI TPS,Unit 3,L,210.0,2.35,0.0,383.1000000000006,2.41,,210.0,44048.868055555555,,RESERVE SHUT DOWN / STANDBY UNIT,2020-08-26
WANAKBORI TPS,Unit 4,L,210.0,0.0,0.0,271.0,0.0,,210.0,43910.46319444444,,RESERVE SHUT DOWN / STANDBY UNIT,2020-08-26
WANAKBORI TPS,Unit 5,L,210.0,2.29,0.0,371.54000000000053,0.0,,210.0,43912.33541666667,,RESERVE SHUT DOWN / STANDBY UNIT,2020-08-26
WANAKBORI TPS,Unit 6,L,210.0,0.0,0.0,257.0,0.0,,210.0,43910.600694444445,,RESERVE SHUT DOWN / STANDBY UNIT,2020-08-26
WANAKBORI TPS,Unit 7,L,210.0,3.5,0.0,464.5,0.0,,210.0,44051.25,,RESERVE SHUT DOWN / STANDBY UNIT,2020-08-26
WANAKBORI TPS,Unit 8,L,800.0,0.0,0.0,2100.039999999999,758.26,,800.0,44050.98263888889,,RESERVE SHUT DOWN / STANDBY UNIT,2020-08-26
DHUVARAN CCPP,,,594.72,1.9700000000000002,0.45,280.46000000000026,616.2800000000001,,218.62,,,,2020-08-26
HAZIRA CCPP,,,156.1,0.09,0.0,23.340000000000018,237.95,,156.1,,,,2020-08-26
HAZIRA CCPP EXT,,,351.0,1.19,0.0,164.93999999999994,774.98,,351.0,,,,2020-08-26
PIPAVAV CCPP,,,702.0,1.71,7.3,245.4600000000002,1776.71,,0.0,,,,2020-08-26
UTRAN CCPP,,,374.0,1.97,0.0,291.2199999999996,916.89,,0.0,,,,2020-08-26
KADANA  HPS,,,240.0,2.0,4.73,99.0,56.23,,180.0,,,,2020-08-26
S SAROVAR CHPH  HPS,,,250.0,1.84,0.45,256.8400000000001,219.19,,50.0,,,,2020-08-26
S SAROVAR RBPH  HPS,,,1200.0,19.61,9.55,509.86000000000024,767.03,,200.0,,,,2020-08-26
UKAI  HPS,,,300.0,2.1,5.44,171.59999999999985,225.95999999999998,,300.0,,,,2020-08-26
MUNDRA TPS-III,,,1980.0,34.54,42.74,5600.039999999999,5377.45,,0.0,,,,2020-08-26
MUNDRA TPS-III,Unit 7, ,660.0,11.03,14.43,1787.7799999999993,1807.59,,0.0,,,,2020-08-26
MUNDRA TPS-III,Unit 8, ,660.0,11.03,14.42,1787.7799999999993,1726.72,,0.0,,,,2020-08-26
MUNDRA TPS-III,Unit 9, ,660.0,12.48,13.89,2024.4800000000005,1843.14,,0.0,,,,2020-08-26
MUNDRA TPS-I & II,,,2640.0,46.379999999999995,8.1,6958.879999999999,2932.4900000000002,,2310.0,,,,2020-08-26
MUNDRA TPS-I & II,Unit 1,*,330.0,5.52,0.0,894.5199999999995,570.72,,330.0,44067.18958333333,26/08/2020 23:56:00,RESERVE SHUT DOWN / STANDBY UNIT,2020-08-26
MUNDRA TPS-I & II,Unit 2,S,330.0,5.84,0.0,825.8400000000008,431.57,,330.0,44066.9875,,RSD/LOW SCHEDULE,2020-08-26
MUNDRA TPS-I & II,Unit 3, ,330.0,5.77,6.41,937.0199999999995,558.11,,0.0,,,,2020-08-26
MUNDRA TPS-I & II,Unit 4,*,330.0,5.77,1.69,739.0199999999995,448.91,,330.0,44067.493055555555,26/08/2020 16:44:00,RESERVE SHUT DOWN / STANDBY UNIT,2020-08-26
MUNDRA TPS-I & II,Unit 5,L,660.0,12.45,0.0,1774.7000000000003,718.32,,660.0,43983.00069444445,,NO Power purchase agreement,2020-08-26
MUNDRA TPS-I & II,Unit 6,S,660.0,11.03,0.0,1787.7799999999993,204.86,,660.0,44066.01458333333,,NO Power purchase agreement,2020-08-26
MUNDRA UMTPP,,,4000.0,60.3,42.42,11393.85999999999,10377.24,,1600.0,,,,2020-08-26
MUNDRA UMTPP,Unit 1,L,800.0,15.39,0.0,2495.1399999999967,2165.92,,800.0,44047.50833333333,,HRH LINE LEAKAGE,2020-08-26
MUNDRA UMTPP,Unit 2,S,800.0,0.0,0.0,2441.059999999996,2304.26,,800.0,44065.86388888889,,BOILER MISC. PROBLEM,2020-08-26
MUNDRA UMTPP,Unit 3, ,800.0,14.23,14.3,1480.9800000000005,1529.12,,0.0,,,,2020-08-26
MUNDRA UMTPP,Unit 4, ,800.0,15.16,13.89,2458.159999999996,2089.01,,0.0,,,,2020-08-26
MUNDRA UMTPP,Unit 5, ,800.0,15.52,14.23,2518.5199999999995,2288.93,,0.0,,,,2020-08-26
SABARMATI (D-F STATIONS),,,362.0,7.12,1.9,1155.1200000000017,291.79999999999995,14.0,241.0,,,,2020-08-26
SABARMATI (D-F STATIONS),Unit 1,L,120.0,2.48,0.0,401.4800000000005,31.45,,120.0,43987.0,,RESERVE SHUT DOWN / STANDBY UNIT,2020-08-26
SABARMATI (D-F STATIONS),Unit 2, ,121.0,2.48,1.9,401.4800000000005,203.7,,0.0,,,,2020-08-26
SABARMATI (D-F STATIONS),Unit 3,L,121.0,2.16,0.0,352.16000000000065,56.65,,121.0,44045.0,,RESERVE SHUT DOWN / STANDBY UNIT,2020-08-26
SALAYA TPP,,,1200.0,8.97,14.52,1057.2200000000007,1511.8600000000001,,0.0,,,,2020-08-26
SALAYA TPP,Unit 1, ,600.0,8.97,7.26,1057.2200000000007,772.04,,0.0,,,,2020-08-26
SALAYA TPP,Unit 2, ,600.0,0.0,7.26,0.0,739.82,,0.0,,,,2020-08-26
SURAT LIG. TPS,,,500.0,7.200000000000001,7.890000000000001,1424.1999999999998,1331.26,,125.0,,,,2020-08-26
SURAT LIG. TPS,Unit 1,P,125.0,2.42,0.0,326.9200000000004,275.42,,125.0,44051.8125,02/09/2020,BOILER OVERHAUL/ ANNUAL MAINTENANCE,2020-08-26
SURAT LIG. TPS,Unit 2, ,125.0,2.39,2.47,386.13999999999965,346.38,,0.0,,,,2020-08-26
SURAT LIG. TPS,Unit 3, ,125.0,2.39,2.73,388.13999999999965,363.42,,0.0,,,,2020-08-26
SURAT LIG. TPS,Unit 4, ,125.0,0.0,2.69,323.0,346.04,,0.0,,,,2020-08-26
BARODA CCPP,,,160.0,0.0,0.0,0.0,8.14,,160.0,,,,2020-08-26
DGEN MEGA CCPP,,,1200.0,0.0,0.0,0.0,1052.0,,1200.0,,,,2020-08-26
ESSAR CCPP,,,515.0,0.0,0.0,0.0,0.0,,515.0,,,,2020-08-26
GIPCL. GT IMP,,,0.0,0.4600000000000001,0.47,67.95999999999998,86.66,,0.0,,,,2020-08-26
PEGUTHAN CCPP,,,655.0,0.0,0.0,0.0,0.0,,655.0,,,,2020-08-26
SUGEN CCPP,,,1147.5,17.55,17.21,2598.300000000002,2659.05,,0.0,,,,2020-08-26
UNOSUGEN CCPP,,,382.5,0.0,5.5,608.8300000000008,605.09,,0.0,,,,2020-08-26
GANDHAR CCPP,,,657.3900000000001,1.13,3.87,148.55000000000007,637.96,,432.90000000000003,,,,2020-08-26
KAWAS CCPP,,,656.2,3.7399999999999998,6.25,537.2400000000002,664.0899999999999,,338.2,,,,2020-08-26
KAKRAPARA,,,440.0,17.310000000000002,10.14,1813.0600000000015,1473.28,,0.0,,,,2020-08-26
KAKRAPARA,Unit 1, ,220.0,4.48,4.74,664.4800000000005,757.0,,0.0,,,,2020-08-26
KAKRAPARA,Unit 2, ,220.0,4.48,5.4,664.4800000000005,716.28,,0.0,,,,2020-08-26
KAKRAPARA,Unit 3, ,0.0,8.35,0.0,484.1000000000006,0.0,,0.0,,,unit not yet commissioned,2020-08-26
AMARKANTAK EXT TPS,,,210.0,4.24,4.82,578.8800000000001,543.85,58.0,0.0,,,,2020-08-26
AMARKANTAK EXT TPS,Unit 3, ,210.0,4.24,4.82,578.8800000000001,543.85,,0.0,,,,2020-08-26
SANJAY GANDHI TPS,,,1340.0,18.81,13.53,3305.700000000001,3167.5499999999997,11.0,630.0,,,,2020-08-26
SANJAY GANDHI TPS,Unit 1, ,210.0,3.06,3.83,430.56000000000006,458.49,,0.0,,,,2020-08-26
SANJAY GANDHI TPS,Unit 2,P,210.0,3.3,0.0,455.50000000000006,354.57,,210.0,44049.009722222225,,BOILER OVERHAUL/ ANNUAL MAINTENANCE,2020-08-26
SANJAY GANDHI TPS,Unit 3,S,210.0,0.0,0.0,496.9399999999997,452.09,,210.0,44059.67847222222,,RSD/LOW SCHEDULE,2020-08-26
SANJAY GANDHI TPS,Unit 4,S,210.0,3.0,0.0,389.0,406.4,,210.0,44065.71875,,RSD/LOW SCHEDULE,2020-08-26
SANJAY GANDHI TPS,Unit 5, ,500.0,9.45,9.7,1533.7000000000012,1496.0,,0.0,,,,2020-08-26
SATPURA TPS,,,1330.0,9.91,5.01,1443.4499999999998,1632.5,22.0,1080.0,,,,2020-08-26
SATPURA TPS,Unit 6,S,200.0,0.0,0.0,0.0,78.47,,200.0,44054.46111111111,,REHEATER TUBE LEAKAGE,2020-08-26
SATPURA TPS,Unit 7,S,210.0,0.0,0.0,0.0,105.33,,210.0,44055.427083333336,,RSD/LOW SCHEDULE,2020-08-26
SATPURA TPS,Unit 8, ,210.0,0.0,0.0,0.0,0.0,,210.0,43890.995833333334,,Low system demand/ costly fuel,2020-08-26
SATPURA TPS,Unit 9,L,210.0,0.0,0.0,0.0,0.0,,210.0,43883.11944444444,,WATER WALL TUBE LEAKAGE,2020-08-26
SATPURA TPS,Unit 10,P,250.0,5.17,0.0,676.2099999999995,719.83,,250.0,44058.0,,BOILER OVERHAUL/ ANNUAL MAINTENANCE,2020-08-26
SATPURA TPS,Unit 11, ,250.0,4.74,5.01,767.2400000000002,728.87,,0.0,,,,2020-08-26
SHREE SINGAJI TPP,,,2520.0,18.67,0.0,5243.760000000002,1764.78,26.0,2520.0,,,,2020-08-26
SHREE SINGAJI TPP,Unit 1,P,600.0,9.15,0.0,1200.3000000000018,405.87,,600.0,44013.0,,BOILER OVERHAUL/ ANNUAL MAINTENANCE,2020-08-26
SHREE SINGAJI TPP,Unit 2,S,600.0,0.0,0.0,1375.9400000000005,600.79,,600.0,44064.666666666664,,RSD/LOW SCHEDULE,2020-08-26
SHREE SINGAJI TPP,Unit 3,L,660.0,9.52,0.0,1236.5199999999995,280.42,,660.0,44048.99722222222,,TURBINE VIBRATIONS HIGH,2020-08-26
SHREE SINGAJI TPP,Unit 4,S,660.0,0.0,0.0,1431.0,477.7,,660.0,44065.57361111111,,RSD/LOW SCHEDULE,2020-08-26
BANSAGAR-II HPS,,,30.0,0.45,0.28,21.69999999999998,33.56,,15.0,,,,2020-08-26
BANSAGAR-III HPS,,,60.0,0.0,1.33,0.0,20.93,,60.0,,,,2020-08-26
BANSAGAR TONS-I  HPS,,,315.0,3.55,2.38,202.3000000000002,442.86,,105.0,,,,2020-08-26
BARGI  HPS,,,90.0,1.29,2.15,103.54000000000016,210.67000000000002,,0.0,,,,2020-08-26
GANDHI SAGAR  HPS,,,115.0,0.0,0.0,0.0,0.0,,115.0,,,,2020-08-26
MADHIKHERA  HPS,,,60.0,0.39,1.48,18.140000000000015,23.759999999999998,,0.0,,,,2020-08-26
RAJGHAT  HPS,,,45.0,0.1,0.74,2.600000000000001,15.5,,15.0,,,,2020-08-26
ANUPPUR TPP,,,1200.0,19.23,18.61,2806.9799999999996,2362.7200000000003,9.0,0.0,,,,2020-08-26
ANUPPUR TPP,Unit 1, ,600.0,10.1,9.43,1638.5999999999976,1217.59,,0.0,,,,2020-08-26
ANUPPUR TPP,Unit 2, ,600.0,9.13,9.18,1168.3800000000017,1145.13,,0.0,,,,2020-08-26
BINA TPS,,,500.0,3.48,3.8,1070.4900000000005,377.68,40.0,250.0,,,,2020-08-26
BINA TPS,Unit 1,L,250.0,0.0,0.0,506.01000000000005,161.08,,250.0,44014.99722222222,,WATER WALL TUBE LEAKAGE,2020-08-26
BINA TPS,Unit 2, ,250.0,3.48,3.8,564.4800000000005,216.6,,0.0,,,,2020-08-26
MAHAN TPP,,,1200.0,6.97,0.0,1875.2200000000007,1192.31,,1200.0,,,,2020-08-26
MAHAN TPP,Unit 1,S,600.0,0.0,0.0,729.0,498.49,,600.0,44064.774305555555,,BOILER MISC. PROBLEM,2020-08-26
MAHAN TPP,Unit 2,L,600.0,6.97,0.0,1146.2200000000007,693.82,,600.0,44046.225694444445,,BOILER MISC. PROBLEM,2020-08-26
NIGRI TPP,,,1320.0,16.479999999999997,26.490000000000002,2453.4800000000005,2922.19,,0.0,,,,2020-08-26
NIGRI TPP,Unit 1, ,660.0,8.03,13.26,1301.7799999999993,1213.67,,0.0,,,,2020-08-26
NIGRI TPP,Unit 2, ,660.0,8.45,13.23,1151.7000000000012,1708.52,,0.0,,,,2020-08-26
NIWARI TPP,,,90.0,0.69,0.0,100.58999999999997,50.38,,90.0,,,,2020-08-26
NIWARI TPP,Unit 1,S,45.0,0.69,0.0,100.58999999999997,50.38,,45.0,44066.311111111114,,RSD/LOW SCHEDULE,2020-08-26
NIWARI TPP,Unit 2,L,45.0,0.0,0.0,0.0,0.0,,45.0,43673.01666666667,,RSD/LOW SCHEDULE,2020-08-26
SASAN UMTPP,,,3960.0,70.65,97.02,12458.180000000008,13631.310000000001,,0.0,,,,2020-08-26
SASAN UMTPP,Unit 1, ,660.0,0.0,16.17,2077.9400000000014,2276.76,,0.0,,,,2020-08-26
SASAN UMTPP,Unit 2, ,660.0,13.65,16.08,2212.9000000000024,2088.11,,0.0,,,,2020-08-26
SASAN UMTPP,Unit 3, ,660.0,13.65,16.31,2212.9000000000024,2324.12,,0.0,,,,2020-08-26
SASAN UMTPP,Unit 4, ,660.0,13.65,16.24,2212.9000000000024,2299.95,,0.0,,,,2020-08-26
SASAN UMTPP,Unit 5, ,660.0,15.32,16.0,1747.3199999999983,2307.46,,0.0,,,,2020-08-26
SASAN UMTPP,Unit 6, ,660.0,14.38,16.22,1994.220000000002,2334.91,,0.0,,,,2020-08-26
SEIONI TPP,,,600.0,0.0,8.91,1170.0,1345.29,15.0,0.0,,,,2020-08-26
SEIONI TPP,Unit 1, ,600.0,0.0,8.91,1170.0,1345.29,,0.0,,,,2020-08-26
MAHESHWAR HPS,,,0.0,0.0,0.0,0.0,0.0,,0.0,,,,2020-08-26
GADARWARA TPP,,,800.0,7.61,18.95,1088.8600000000001,722.69,19.0,0.0,,,,2020-08-26
GADARWARA TPP,Unit 1, ,800.0,7.61,18.95,197.86000000000013,722.69,,0.0,,,,2020-08-26
GADARWARA TPP,Unit 2, ,0.0,0.0,0.0,891.0,0.0,,0.0,,,unit not yet commissioned,2020-08-26
KHARGONE STPP,,,1320.0,12.61,0.0,1823.8600000000004,640.41,,1320.0,,,,2020-08-26
KHARGONE STPP,Unit 1, ,660.0,12.61,0.0,735.8600000000004,452.25,,660.0,44065.666666666664,27/08/2020,WATER NON AVAILABILITY,2020-08-26
KHARGONE STPP,Unit 2,S,660.0,0.0,0.0,1088.0,188.16,,660.0,44064.961805555555,,WATER SHORTAGE DUE TO INTERNAL PLANT PROBLEM,2020-08-26
VINDHYACHAL STPS,,,4760.0,86.97,107.67,13861.020000000002,14997.309999999998,9.0,210.0,,,,2020-08-26
VINDHYACHAL STPS,Unit 1, ,210.0,3.55,4.92,475.3000000000003,672.96,,0.0,,,,2020-08-26
VINDHYACHAL STPS,Unit 2, ,210.0,0.0,4.77,656.000000000001,665.62,,0.0,,,,2020-08-26
VINDHYACHAL STPS,Unit 3, ,210.0,3.97,4.84,643.2200000000007,656.16,,0.0,,,,2020-08-26
VINDHYACHAL STPS,Unit 4, ,210.0,4.06,4.6,657.5599999999986,666.92,,0.0,,,,2020-08-26
VINDHYACHAL STPS,Unit 5, ,210.0,3.68,4.72,596.6799999999988,656.33,,0.0,,,,2020-08-26
VINDHYACHAL STPS,Unit 6,S,210.0,3.68,0.0,596.6799999999988,681.34,,210.0,44068.864583333336,27/08/2020,C&I PROBLEM,2020-08-26
VINDHYACHAL STPS,Unit 7, ,500.0,9.16,11.86,1489.1600000000021,1556.94,,0.0,,,,2020-08-26
VINDHYACHAL STPS,Unit 8, ,500.0,10.2,11.74,1286.0000000000002,1578.96,,0.0,,,,2020-08-26
VINDHYACHAL STPS,Unit 9, ,500.0,10.16,12.01,1650.1600000000021,1669.43,,0.0,,,,2020-08-26
VINDHYACHAL STPS,Unit 10, ,500.0,9.45,12.06,1533.7000000000012,1521.39,,0.0,,,,2020-08-26
VINDHYACHAL STPS,Unit 11, ,500.0,10.42,12.13,1688.920000000002,1583.52,,0.0,,,,2020-08-26
VINDHYACHAL STPS,Unit 12, ,500.0,8.77,11.82,986.0199999999995,1590.12,,0.0,,,,2020-08-26
VINDHYACHAL STPS,Unit 13, ,500.0,9.87,12.2,1601.6199999999972,1497.62,,0.0,,,,2020-08-26
INDIRA SAGAR  HPS,,,1000.0,4.55,23.73,498.3000000000003,821.23,,0.0,,,,2020-08-26
OMKARESHWAR  HPS,,,520.0,2.16,12.32,277.1600000000002,497.17,,0.0,,,,2020-08-26
BHUSAWAL TPS,,,1210.0,18.93,20.770000000000003,2805.1799999999957,578.86,15.0,210.0,,,,2020-08-26
BHUSAWAL TPS,Unit 3, ,210.0,0.0,0.0,0.0,0.0,,210.0,43709.74791666667,,Low system demand/ costly fuel,2020-08-26
BHUSAWAL TPS,Unit 4, ,500.0,9.06,10.56,1469.5599999999986,256.16,,0.0,,,,2020-08-26
BHUSAWAL TPS,Unit 5, ,500.0,9.87,10.21,1335.6199999999972,322.7,,0.0,,,,2020-08-26
CHANDRAPUR(MAHARASHTRA) STPS,,,2920.0,43.44,43.58,7032.439999999993,6326.150000000001,15.0,710.0,,,,2020-08-26
CHANDRAPUR(MAHARASHTRA) STPS,Unit 3,S,210.0,0.0,0.0,433.0,312.97,,210.0,44054.416666666664,,P.A. FANS PROBLEM,2020-08-26
CHANDRAPUR(MAHARASHTRA) STPS,Unit 4, ,210.0,2.87,3.7,466.6200000000001,366.6,,0.0,,,,2020-08-26
CHANDRAPUR(MAHARASHTRA) STPS,Unit 5, ,500.0,7.87,9.17,1278.6199999999972,929.74,,0.0,,,,2020-08-26
CHANDRAPUR(MAHARASHTRA) STPS,Unit 6, ,500.0,8.19,9.54,1053.9400000000014,1122.63,,0.0,,,,2020-08-26
CHANDRAPUR(MAHARASHTRA) STPS,Unit 7,L,500.0,8.29,0.0,1342.539999999999,777.97,,500.0,44049.14722222222,,ELECTRICAL MISCELLANEOUS PROBLEMS,2020-08-26
CHANDRAPUR(MAHARASHTRA) STPS,Unit 8, ,500.0,7.87,10.28,1278.6199999999972,1381.19,,0.0,,,,2020-08-26
CHANDRAPUR(MAHARASHTRA) STPS,Unit 9, ,500.0,8.35,10.89,1179.0999999999985,1435.05,,0.0,,,,2020-08-26
KHAPARKHEDA TPS,,,1340.0,19.87,25.6,2847.26,3225.89,15.0,0.0,,,,2020-08-26
KHAPARKHEDA TPS,Unit 1, ,210.0,3.24,3.18,401.8800000000001,430.02,,0.0,,,,2020-08-26
KHAPARKHEDA TPS,Unit 2, ,210.0,2.35,3.87,383.1000000000006,353.12,,0.0,,,,2020-08-26
KHAPARKHEDA TPS,Unit 3, ,210.0,2.87,4.26,466.6200000000001,482.67,,0.0,,,,2020-08-26
KHAPARKHEDA TPS,Unit 4, ,210.0,2.35,4.14,383.1000000000006,551.33,,0.0,,,,2020-08-26
KHAPARKHEDA TPS,Unit 5, ,500.0,9.06,10.15,1212.5599999999986,1408.75,,0.0,,,,2020-08-26
KORADI TPS,,,2400.0,19.78,15.21,4693.279999999997,1897.72,17.0,1080.0,,,,2020-08-26
KORADI TPS,Unit 6,L,210.0,2.16,0.0,274.16000000000014,0.0,,210.0,43714.65347222222,,RSD/LOW SCHEDULE,2020-08-26
KORADI TPS,Unit 7,L,210.0,0.0,0.0,294.0,0.0,,210.0,43704.41111111111,,RSD/LOW SCHEDULE,2020-08-26
KORADI TPS,Unit 8,*,660.0,8.81,5.78,1427.0599999999986,500.06,,0.0,44057.54652777778,26/08/2020 08:47:00,RSD/LOW SCHEDULE,2020-08-26
KORADI TPS,Unit 9,*,660.0,8.81,0.34,1427.0599999999986,840.36,,660.0,44057.51944444444,26/08/2020 20:55:00,RSD/LOW SCHEDULE,2020-08-26
KORADI TPS,Unit 10, ,660.0,0.0,9.09,1271.0,557.3,,0.0,,,,2020-08-26
NASIK TPS,,,630.0,8.36,0.0,1276.3599999999988,0.0,33.0,630.0,,,,2020-08-26
NASIK TPS,Unit 3,L,210.0,2.84,0.0,381.83999999999935,0.0,,210.0,43878.0,,RESERVE SHUT DOWN / STANDBY UNIT,2020-08-26
NASIK TPS,Unit 4,L,210.0,2.65,0.0,427.8999999999994,0.0,,210.0,43915.82430555556,,RESERVE SHUT DOWN / STANDBY UNIT,2020-08-26
NASIK TPS,Unit 5,L,210.0,2.87,0.0,466.6200000000001,0.0,,210.0,43811.444444444445,,RESERVE SHUT DOWN / STANDBY UNIT,2020-08-26
PARAS TPS,,,500.0,8.88,7.62,1437.8800000000028,1370.13,19.0,0.0,,,,2020-08-26
PARAS TPS,Unit 3, ,250.0,4.94,4.07,799.4400000000014,679.88,,0.0,,,,2020-08-26
PARAS TPS,Unit 4, ,250.0,3.94,3.55,638.4400000000014,690.25,,0.0,,,,2020-08-26
PARLI TPS,,,750.0,10.26,0.0,1661.7599999999993,90.3,31.0,750.0,,,,2020-08-26
PARLI TPS,Unit 6,L,250.0,3.42,0.0,553.9199999999997,0.0,,250.0,43911.72986111111,,RSD/LOW SCHEDULE,2020-08-26
PARLI TPS,Unit 7,L,250.0,3.42,0.0,553.9199999999997,7.59,,250.0,43963.81527777778,,RSD/LOW SCHEDULE,2020-08-26
PARLI TPS,Unit 8,L,250.0,3.42,0.0,553.9199999999997,82.71,,250.0,43983.55069444444,,RSD/LOW SCHEDULE,2020-08-26
URAN CCPP,,,672.0,8.0,6.7,1179.9999999999984,689.5699999999999,,108.0,,,,2020-08-26
BHIRA TAIL RACE  HPS,,,80.0,0.32,0.4,34.32000000000001,40.24,,0.0,,,,2020-08-26
GHATGHAR  PSS  HPS,,,250.0,0.71,0.0,106.45999999999984,0.0,,250.0,,,,2020-08-26
KOYNA DPH  HPS,,,36.0,0.26,0.0,51.75999999999995,83.4,,0.0,,,,2020-08-26
KOYNA-I&II HPS,,,600.0,1.84,3.75,400.83999999999935,570.1,,0.0,,,,2020-08-26
KOYNA-III  HPS,,,320.0,1.77,2.12,307.0199999999995,295.67,,0.0,,,,2020-08-26
KOYNA-IV  HPS,,,1000.0,4.1,2.62,896.6000000000006,562.91,,250.0,,,,2020-08-26
PENCH  HPS,,,160.0,1.13,3.35,84.37999999999994,149.39,,0.0,,,,2020-08-26
TILLARI  HPS,,,60.0,0.32,0.0,38.32000000000001,59.39,,0.0,,,,2020-08-26
VAITARNA  HPS,,,60.0,0.0,0.33,64.0,0.47,,0.0,,,,2020-08-26
AMARAVATI TPS,,,1350.0,11.549999999999999,0.0,2010.299999999998,0.0,75.0,1350.0,,,,2020-08-26
AMARAVATI TPS,Unit 1,L,270.0,2.84,0.0,272.8399999999999,0.0,,270.0,43894.8125,,RSD/LOW SCHEDULE,2020-08-26
AMARAVATI TPS,Unit 2,L,270.0,0.0,0.0,388.0,0.0,,270.0,43899.84375,,RSD/LOW SCHEDULE,2020-08-26
AMARAVATI TPS,Unit 3,L,270.0,3.03,0.0,429.7799999999993,0.0,,270.0,43872.75,,RSD/LOW SCHEDULE,2020-08-26
AMARAVATI TPS,Unit 4,L,270.0,2.84,0.0,461.83999999999935,0.0,,270.0,43781.0,,RSD/LOW SCHEDULE,2020-08-26
AMARAVATI TPS,Unit 5,L,270.0,2.84,0.0,457.83999999999935,0.0,,270.0,43872.8125,,RSD/LOW SCHEDULE,2020-08-26
BELA TPS,,,270.0,0.0,0.0,0.0,0.0,,270.0,,,,2020-08-26
BELA TPS,Unit 1,L,270.0,0.0,0.0,0.0,0.0,,270.0,43340.893055555556,,NO Power purchase agreement,2020-08-26
BUTIBORI TPP,,,600.0,6.32,0.0,1026.3200000000013,0.0,12.0,600.0,,,,2020-08-26
BUTIBORI TPP,Unit 1,L,300.0,3.16,0.0,513.1600000000007,0.0,,300.0,43463.020833333336,,COAL SHORTAGE,2020-08-26
BUTIBORI TPP,Unit 2,L,300.0,3.16,0.0,513.1600000000007,0.0,,300.0,43482.010416666664,,COAL SHORTAGE,2020-08-26
DAHANU TPS,,,500.0,11.09,5.75,1671.5800000000008,1184.68,52.0,250.0,,,,2020-08-26
DAHANU TPS,Unit 1,L,250.0,5.71,0.0,853.460000000001,436.41,,250.0,44010.0,31/08/2020,RESERVE SHUT DOWN / STANDBY UNIT,2020-08-26
DAHANU TPS,Unit 2, ,250.0,5.38,5.75,818.1199999999999,748.27,,0.0,,,,2020-08-26
DHARIWAL TPP,,,600.0,6.48,12.39,1051.480000000001,1617.52,5.0,0.0,,,,2020-08-26
DHARIWAL TPP,Unit 1, ,300.0,3.16,5.39,513.1600000000007,746.69,,0.0,,,,2020-08-26
DHARIWAL TPP,Unit 2, ,300.0,3.32,7.0,538.3200000000003,870.83,,0.0,,,,2020-08-26
GEPL TPP Ph-I,,,120.0,0.0,0.0,0.0,0.0,,120.0,,,,2020-08-26
GEPL TPP Ph-I,Unit 1,L,60.0,0.0,0.0,0.0,0.0,,60.0,41454.0,,NO Power purchase agreement,2020-08-26
GEPL TPP Ph-I,Unit 2,L,60.0,0.0,0.0,0.0,0.0,,60.0,41445.85208333333,,NO Power purchase agreement,2020-08-26
GMR WARORA TPS,,,600.0,11.379999999999999,13.76,1578.2799999999995,1318.76,1.0,0.0,,,,2020-08-26
GMR WARORA TPS,Unit 1, ,300.0,5.68,6.96,922.6799999999987,555.93,,0.0,,,,2020-08-26
GMR WARORA TPS,Unit 2, ,300.0,5.7,6.8,655.6000000000008,762.83,,0.0,,,,2020-08-26
JSW RATNAGIRI TPP,,,1200.0,21.519999999999996,16.630000000000003,3397.5199999999995,2453.56,,300.0,,,,2020-08-26
JSW RATNAGIRI TPP,Unit 1, ,300.0,5.52,7.43,891.5199999999995,1030.27,,0.0,,,,2020-08-26
JSW RATNAGIRI TPP,Unit 2, ,300.0,5.26,4.55,852.7599999999998,571.28,,0.0,,,,2020-08-26
JSW RATNAGIRI TPP,Unit 3, ,300.0,5.48,4.65,800.4800000000005,146.01,,0.0,,,,2020-08-26
JSW RATNAGIRI TPP,Unit 4,S,300.0,5.26,0.0,852.7599999999998,706.0,,300.0,44063.66458333333,15/09/2020,RESERVE SHUT DOWN / STANDBY UNIT,2020-08-26
LANCO VIDARBHA TPP,,,0.0,0.0,0.0,0.0,0.0,,0.0,,,,2020-08-26
LANCO VIDARBHA TPP,Unit 1, ,0.0,0.0,0.0,0.0,0.0,,0.0,,,unit not yet commissioned,2020-08-26
MIHAN TPS,,,246.0,0.0,0.0,0.0,0.0,,246.0,,,,2020-08-26
MIHAN TPS,Unit 1,L,61.5,0.0,0.0,0.0,0.0,,61.5,41284.65972222222,,NO Power purchase agreement,2020-08-26
MIHAN TPS,Unit 2,L,61.5,0.0,0.0,0.0,0.0,,61.5,41583.49513888889,,NO Power purchase agreement,2020-08-26
MIHAN TPS,Unit 3,L,61.5,0.0,0.0,0.0,0.0,,61.5,41435.75,,NO Power purchase agreement,2020-08-26
MIHAN TPS,Unit 4,L,61.5,0.0,0.0,0.0,0.0,,61.5,41506.416666666664,,NO Power purchase agreement,2020-08-26
NASIK (P) TPS,,,1350.0,0.0,0.0,0.0,0.0,,1350.0,,,,2020-08-26
NASIK (P) TPS,Unit 1,L,270.0,0.0,0.0,0.0,0.0,,270.0,41702.756944444445,,NO Power purchase agreement,2020-08-26
NASIK (P) TPS,Unit 2,L,270.0,0.0,0.0,0.0,0.0,,270.0,42782.03194444445,,NO Power purchase agreement,2020-08-26
NASIK (P) TPS,Unit 3,L,270.0,0.0,0.0,0.0,0.0,,270.0,42839.072916666664,,NO Power purchase agreement,2020-08-26
NASIK (P) TPS,Unit 4,L,270.0,0.0,0.0,0.0,0.0,,270.0,42875.01736111111,,NO Power purchase agreement,2020-08-26
NASIK (P) TPS,Unit 5,L,270.0,0.0,0.0,0.0,0.0,,270.0,42885.64166666667,,NO Power purchase agreement,2020-08-26
SHIRPUR TPP,,,150.0,0.0,0.0,0.0,0.0,,150.0,,,,2020-08-26
SHIRPUR TPP,Unit 1,L,150.0,0.0,0.0,0.0,0.0,,150.0,43006.884722222225,,NO Power purchase agreement,2020-08-26
SHIRPUR TPP,Unit 2, ,0.0,0.0,0.0,0.0,0.0,,0.0,,,unit not yet commissioned,2020-08-26
TIRORA TPS,,,3300.0,45.06,31.200000000000003,8428.559999999998,6732.15,10.0,1980.0,,,,2020-08-26
TIRORA TPS,Unit 1,L,660.0,11.55,0.0,1874.2999999999988,780.78,,660.0,43985.626388888886,,RESERVE SHUT DOWN / STANDBY UNIT,2020-08-26
TIRORA TPS,Unit 2, ,660.0,0.0,15.65,1725.0,2144.87,,0.0,,,,2020-08-26
TIRORA TPS,Unit 3, ,660.0,12.19,15.55,1724.9400000000014,2023.42,,0.0,,,,2020-08-26
TIRORA TPS,Unit 4,L,660.0,11.03,0.0,1787.7799999999993,940.17,,660.0,43994.4375,,RESERVE SHUT DOWN / STANDBY UNIT,2020-08-26
TIRORA TPS,Unit 5,L,660.0,10.29,0.0,1316.539999999999,842.91,,660.0,43986.52013888889,,RESERVE SHUT DOWN / STANDBY UNIT,2020-08-26
TROMBAY TPS,,,750.0,13.42,9.61,2174.919999999999,1219.9199999999998,,250.0,,,,2020-08-26
TROMBAY TPS,Unit 5, ,500.0,8.58,9.61,1393.079999999998,1165.1,,0.0,,,,2020-08-26
TROMBAY TPS,Unit 8,L,250.0,4.84,0.0,781.8400000000008,54.82,,250.0,43932.70486111111,,RESERVE SHUT DOWN / STANDBY UNIT,2020-08-26
WARDHA WARORA TPP,,,540.0,0.0,2.71,214.9200000000003,694.6899999999999,12.0,405.0,,,,2020-08-26
WARDHA WARORA TPP,Unit 1,L,135.0,0.0,0.0,0.0,0.0,,135.0,42416.72152777778,,NO Power purchase agreement,2020-08-26
WARDHA WARORA TPP,Unit 2, ,135.0,0.0,2.71,0.0,387.76,,0.0,,,,2020-08-26
WARDHA WARORA TPP,Unit 3,S,135.0,0.0,0.0,214.9200000000003,180.65,,135.0,44055.03125,,RSD/LOW SCHEDULE,2020-08-26
WARDHA WARORA TPP,Unit 4,S,135.0,0.0,0.0,0.0,126.28,,135.0,44055.03125,,RSD/LOW SCHEDULE,2020-08-26
MANGAON CCPP,,,388.0,0.0,0.0,0.0,0.0,,388.0,,,,2020-08-26
TROMBAY CCPP,,,180.0,3.13,2.4400000000000004,463.3800000000006,590.25,,0.0,,,,2020-08-26
BHANDARDHARA  HPS ST-II,,,34.0,0.0,0.34,23.0,33.77,,0.0,,,,2020-08-26
BHIRA   HPS,,,150.0,1.77,2.02,204.02000000000027,167.76999999999998,,0.0,,,,2020-08-26
BHIRA PSS  HPS,,,150.0,1.77,2.86,202.02000000000027,238.25,,0.0,,,,2020-08-26
BHIVPURI  HPS,,,75.0,0.16,0.0,105.15999999999991,143.15,,0.0,,,,2020-08-26
KHOPOLI  HPS,,,72.0,0.87,0.81,126.62000000000012,141.94,,24.0,,,,2020-08-26
MAUDA TPS,,,2320.0,22.77,0.0,4471.029999999999,411.19,52.0,2320.0,,,,2020-08-26
MAUDA TPS,Unit 1,L,500.0,0.0,0.0,1053.01,178.69,,500.0,44023.60138888889,27/08/2020,CONSERVATION OF MAIN FUEL/RSD,2020-08-26
MAUDA TPS,Unit 2,L,500.0,6.19,0.0,728.9400000000014,65.15,,500.0,44046.63611111111,27/08/2020,CONSERVATION OF MAIN FUEL/RSD,2020-08-26
MAUDA TPS,Unit 3,L,660.0,7.74,0.0,1255.2400000000002,134.93,,660.0,44048.78125,27/08/2020,CONSERVATION OF MAIN FUEL/RSD,2020-08-26
MAUDA TPS,Unit 4,L,660.0,8.84,0.0,1433.8399999999979,32.42,,660.0,44043.87430555555,27/08/2020,CONSERVATION OF MAIN FUEL/RSD,2020-08-26
SOLAPUR,,,1320.0,14.129999999999999,0.0,1350.3799999999997,142.32,48.0,1320.0,,,,2020-08-26
SOLAPUR,Unit 1,L,660.0,7.03,0.0,935.7799999999993,142.32,,660.0,44046.59444444445,27/08/2020,CONSERVATION OF MAIN FUEL/RSD,2020-08-26
SOLAPUR,Unit 2,L,660.0,7.1,0.0,414.6000000000005,0.0,,660.0,43913.46666666667,27/08/2020,CONSERVATION OF MAIN FUEL/RSD,2020-08-26
RATNAGIRI CCPP,,,1967.08,12.540000000000001,7.16,1827.0400000000004,1354.98,,1516.54,,,,2020-08-26
TARAPUR,,,1400.0,25.060000000000002,26.11,3306.56,4203.19,,320.0,,,,2020-08-26
TARAPUR,Unit 1,P,160.0,3.06,0.0,453.56000000000006,0.0,,160.0,43838.0,31/08/2020,ENMASS REFUELLING,2020-08-26
TARAPUR,Unit 2,P,160.0,0.0,0.0,92.0,340.74,,160.0,44025.19305555556,,ANNUAL MAINTENANCE,2020-08-26
TARAPUR,Unit 3, ,540.0,11.0,13.02,1628.0,1931.08,,0.0,,,,2020-08-26
TARAPUR,Unit 4, ,540.0,11.0,13.09,1133.0,1931.37,,0.0,,,,2020-08-26
DAMODARAM SANJEEVAIAH TPS,,,1600.0,22.42,33.269999999999996,3637.920000000002,3073.7200000000003,5.0,0.0,,,,2020-08-26
DAMODARAM SANJEEVAIAH TPS,Unit 1, ,800.0,11.45,16.5,1858.7000000000012,1541.19,,0.0,,,,2020-08-26
DAMODARAM SANJEEVAIAH TPS,Unit 2, ,800.0,10.97,16.77,1779.2200000000007,1532.53,,0.0,,,,2020-08-26
DAMODARAM SANJEEVAIAH TPS,Unit 3, ,0.0,0.0,0.0,0.0,0.0,,0.0,,,unit not yet commissioned,2020-08-26
Dr. N.TATA RAO TPS,,,1760.0,26.919999999999998,15.14,5394.519999999999,1759.85,9.0,1050.0,,,,2020-08-26
Dr. N.TATA RAO TPS,Unit 1,L,210.0,3.55,0.0,576.2999999999993,58.76,,210.0,44004.967361111114,,RESERVE SHUT DOWN / STANDBY UNIT,2020-08-26
Dr. N.TATA RAO TPS,Unit 2,L,210.0,0.0,0.0,466.0,50.87,,210.0,44050.5,,RESERVE SHUT DOWN / STANDBY UNIT,2020-08-26
Dr. N.TATA RAO TPS,Unit 3, ,210.0,3.55,4.8,578.2999999999993,291.02,,0.0,,,,2020-08-26
Dr. N.TATA RAO TPS,Unit 4,L,210.0,3.55,0.0,520.3000000000002,121.93,,210.0,44004.895833333336,,RESERVE SHUT DOWN / STANDBY UNIT,2020-08-26
Dr. N.TATA RAO TPS,Unit 5, ,210.0,3.55,0.0,578.2999999999993,103.73,,210.0,44049.18958333333,,WATER WALL TUBE LEAKAGE,2020-08-26
Dr. N.TATA RAO TPS,Unit 6,S,210.0,3.56,0.0,523.1599999999999,122.93,,210.0,44062.74513888889,,RESERVE SHUT DOWN / STANDBY UNIT,2020-08-26
Dr. N.TATA RAO TPS,Unit 7, ,500.0,9.16,10.34,1173.160000000001,1010.61,,0.0,,,,2020-08-26
Dr. N.TATA RAO TPS,Unit 8, ,0.0,0.0,0.0,979.0,0.0,,0.0,,,unit not yet commissioned,2020-08-26
RAYALASEEMA TPS,,,1650.0,22.1,0.0,3860.449999999998,283.57,28.0,1650.0,,,,2020-08-26
RAYALASEEMA TPS,Unit 1,L,210.0,3.31,0.0,484.41,0.0,,210.0,43894.95138888889,,RSD/LOW SCHEDULE,2020-08-26
RAYALASEEMA TPS,Unit 2,L,210.0,3.29,0.0,533.5400000000002,0.0,,210.0,43883.86597222222,,RSD/LOW SCHEDULE,2020-08-26
RAYALASEEMA TPS,Unit 3,L,210.0,0.0,0.0,499.94999999999976,283.57,,210.0,43989.93194444444,,RSD/LOW SCHEDULE,2020-08-26
RAYALASEEMA TPS,Unit 4,L,210.0,3.63,0.0,415.92999999999995,0.0,,210.0,43891.808333333334,,RSD/LOW SCHEDULE,2020-08-26
RAYALASEEMA TPS,Unit 5,L,210.0,3.29,0.0,533.5400000000002,0.0,,210.0,43879.85138888889,,RSD/LOW SCHEDULE,2020-08-26
RAYALASEEMA TPS,Unit 6,L,600.0,8.58,0.0,1393.079999999998,0.0,,600.0,43916.0,,ABNORMAL BOILER OPERATIONAL PARAMETER,2020-08-26
JEGURUPADU CCPP PH I,,,235.39999999999998,2.15,1.42,321.9,331.92999999999995,,105.6,,,,2020-08-26
LOWER SILERU  HPS,,,460.0,2.87,3.93,372.6200000000001,482.84000000000003,,0.0,,,,2020-08-26
NAGARJUN SGR RBC EXTN. HPS,,,0.0,0.0,0.0,0.0,0.0,,0.0,,,,2020-08-26
NAGARJUN SGR RBC   HPS,,,90.0,0.32,0.0,10.320000000000004,3.37,,30.0,,,,2020-08-26
NAGARJUN SGR  TPD,,,50.0,0.26,0.46,13.759999999999994,6.970000000000001,,0.0,,,,2020-08-26
SRISAILAM  HPS,,,770.0,6.23,15.2,248.97999999999982,154.76999999999998,,0.0,,,,2020-08-26
UPPER SILERU  HPS,,,240.0,0.84,3.29,140.8400000000001,262.37,,60.0,,,,2020-08-26
PAINAMPURAM TPP,,,1320.0,26.61,30.560000000000002,3644.8600000000033,2916.52,11.0,0.0,,,,2020-08-26
PAINAMPURAM TPP,Unit 1, ,660.0,13.13,14.9,2129.380000000003,1864.31,,0.0,,,,2020-08-26
PAINAMPURAM TPP,Unit 2, ,660.0,13.48,15.66,1515.4800000000005,1052.21,,0.0,,,,2020-08-26
SGPL TPP,,,1320.0,25.68,25.41,4169.679999999997,3307.3,,0.0,,,,2020-08-26
SGPL TPP,Unit 1, ,660.0,12.84,12.67,2084.8399999999983,1674.9,,0.0,,,,2020-08-26
SGPL TPP,Unit 2, ,660.0,12.84,12.74,2084.8399999999983,1632.4,,0.0,,,,2020-08-26
SIMHAPURI TPS,,,600.0,0.0,0.0,0.0,0.0,,600.0,,,,2020-08-26
SIMHAPURI TPS,Unit 1,L,150.0,0.0,0.0,0.0,0.0,,150.0,42812.00555555556,,RSD/LOW SCHEDULE,2020-08-26
SIMHAPURI TPS,Unit 2,L,150.0,0.0,0.0,0.0,0.0,,150.0,43247.4625,,RSD/LOW SCHEDULE,2020-08-26
SIMHAPURI TPS,Unit 3,L,150.0,0.0,0.0,0.0,0.0,,150.0,43247.12569444445,,RSD/LOW SCHEDULE,2020-08-26
SIMHAPURI TPS,Unit 4,L,150.0,0.0,0.0,0.0,0.0,,150.0,42832.225694444445,,RSD/LOW SCHEDULE,2020-08-26
THAMMINAPATNAM TPS,,,300.0,0.0,0.0,0.0,0.0,,300.0,,,,2020-08-26
THAMMINAPATNAM TPS,Unit 1,L,150.0,0.0,0.0,0.0,0.0,,150.0,43224.01111111111,,RSD/LOW SCHEDULE,2020-08-26
THAMMINAPATNAM TPS,Unit 2,L,150.0,0.0,0.0,0.0,0.0,,150.0,43220.85,,RSD/LOW SCHEDULE,2020-08-26
THAMMINAPATNAM TPS,Unit 3, ,0.0,0.0,0.0,0.0,0.0,,0.0,,,unit not yet commissioned,2020-08-26
THAMMINAPATNAM TPS,Unit 4, ,0.0,0.0,0.0,0.0,0.0,,0.0,,,unit not yet commissioned,2020-08-26
VIZAG TPP,,,1040.0,6.58,0.0,1064.0799999999997,1143.83,14.0,1040.0,,,,2020-08-26
VIZAG TPP,Unit 1,L,520.0,6.58,0.0,384.07999999999976,777.48,,520.0,44030.59375,,RSD/LOW SCHEDULE,2020-08-26
VIZAG TPP,Unit 2,L,520.0,0.0,0.0,680.0,366.35,,520.0,44030.99998842592,,RSD/LOW SCHEDULE,2020-08-26
GAUTAMI CCPP,,,464.0,0.0,0.0,0.0,0.0,,464.0,,,,2020-08-26
GMR Energy Ltd - Kakinada,,,220.0,0.0,0.0,0.0,0.0,,220.0,,,,2020-08-26
GODAVARI CCPP,,,208.0,3.22,2.7199999999999998,477.71999999999997,324.8,,47.0,,,,2020-08-26
GREL CCPP (Rajahmundry),,,768.0,0.0,0.0,0.0,0.0,,768.0,,,,2020-08-26
JEGURUPADU CCPP PH II,,,220.0,0.0,0.0,0.0,0.0,,220.0,,,,2020-08-26
KONASEEMA CCPP,,,445.0,0.0,0.0,0.0,0.0,,445.0,,,,2020-08-26
KONDAPALLI CCPP,,,368.144,2.13,0.0,317.3800000000002,404.31,,368.144,,,,2020-08-26
KONDAPALLI  EXTN CCPP .,,,366.0,0.0,0.0,0.0,0.0,,366.0,,,,2020-08-26
KONDAPALLI ST-3 CCPP,,,742.0,0.0,0.0,0.0,0.0,,742.0,,,,2020-08-26
PEDDAPURAM CCPP,,,220.0,0.0,0.0,0.0,0.0,,220.0,,,,2020-08-26
VEMAGIRI CCPP,,,370.0,0.0,0.0,0.0,0.0,,370.0,,,,2020-08-26
VIJJESWARAM CCPP,,,272.0,1.97,3.96,285.2199999999999,462.51000000000005,,33.0,,,,2020-08-26
LVS POWER DG,,,36.8,0.0,0.0,0.0,0.0,,0.0,,,,2020-08-26
SIMHADRI,,,2000.0,22.6,16.08,4711.599999999998,3242.3199999999997,34.0,1000.0,,,,2020-08-26
SIMHADRI,Unit 1,S,500.0,8.06,0.0,1306.5599999999986,516.51,,500.0,44057.42013888889,27/08/2020,CONSERVATION OF MAIN FUEL/RSD,2020-08-26
SIMHADRI,Unit 2, ,500.0,7.48,7.51,1213.4800000000005,664.73,,0.0,,,,2020-08-26
SIMHADRI,Unit 3,*,500.0,7.06,0.15,1148.5599999999986,1002.05,,500.0,44048.55138888889,26/08/2020 22:41:00,OVERHAULING WORKS,2020-08-26
SIMHADRI,Unit 4, ,500.0,0.0,8.42,1043.0,1059.03,,0.0,,,,2020-08-26
BELLARY TPS,,,1700.0,12.96,0.0,2884.199999999998,327.57,37.0,1700.0,,,,2020-08-26
BELLARY TPS,Unit 1,L,500.0,0.0,0.0,784.2399999999998,114.91,,500.0,43984.572222222225,,RSD/LOW SCHEDULE,2020-08-26
BELLARY TPS,Unit 2,L,500.0,5.61,0.0,907.8600000000004,203.6,,500.0,43984.68819444445,,RSD/LOW SCHEDULE,2020-08-26
BELLARY TPS,Unit 3,L,700.0,7.35,0.0,1192.099999999998,9.06,,700.0,43927.552083333336,,RESERVE SHUT DOWN / STANDBY UNIT,2020-08-26
RAICHUR TPS,,,1720.0,23.680000000000003,0.0,4131.680000000001,1819.7100000000003,43.0,1720.0,,,,2020-08-26
RAICHUR TPS,Unit 1,L,210.0,3.52,0.0,571.5199999999995,285.43,,210.0,44014.49166666667,,RSD/LOW SCHEDULE,2020-08-26
RAICHUR TPS,Unit 2,L,210.0,2.87,0.0,398.6200000000001,180.03,,210.0,43970.48541666667,,RSD/LOW SCHEDULE,2020-08-26
RAICHUR TPS,Unit 3,L,210.0,0.0,0.0,429.0,273.44,,210.0,44013.010416666664,,RSD/LOW SCHEDULE,2020-08-26
RAICHUR TPS,Unit 4,L,210.0,3.48,0.0,562.4800000000005,197.99,,210.0,43994.833333333336,,RSD/LOW SCHEDULE,2020-08-26
RAICHUR TPS,Unit 5,L,210.0,3.23,0.0,520.9800000000005,158.47,,210.0,43995.822916666664,,RSD/LOW SCHEDULE,2020-08-26
RAICHUR TPS,Unit 6,L,210.0,3.52,0.0,571.5199999999995,355.68,,210.0,44017.433333333334,,RSD/LOW SCHEDULE,2020-08-26
RAICHUR TPS,Unit 7,L,210.0,2.87,0.0,398.6200000000001,236.91,,210.0,43984.31527777778,,RSD/LOW SCHEDULE,2020-08-26
RAICHUR TPS,Unit 8,L,250.0,4.19,0.0,678.9400000000014,131.76,,250.0,43950.0,,GENERATOR PROTECTION RELAY OPERATION PROBLEM,2020-08-26
YERMARUS TPP,,,1600.0,8.03,13.6,2503.7799999999993,1046.04,18.0,800.0,,,,2020-08-26
YERMARUS TPP,Unit 1, ,800.0,0.0,13.6,1202.0,802.25,,0.0,,,,2020-08-26
YERMARUS TPP,Unit 2,L,800.0,8.03,0.0,1301.7799999999993,243.79,,800.0,44030.49722222222,,FURNACE DRAFT ABNORMAL,2020-08-26
YELAHANKA CCPP,,,0.0,2.19,0.0,324.93999999999994,0.0,,0.0,,,,2020-08-26
ALMATTI DPH  HPS,,,290.0,4.03,5.27,164.78000000000003,205.68,,0.0,,,,2020-08-26
BHADRA  HPS,,,26.0,0.23,0.3,11.980000000000011,16.13,,0.0,,,,2020-08-26
GERUSUPPA  HPS,,,240.0,1.61,1.75,236.86000000000035,235.30999999999997,,0.0,,,,2020-08-26
GHAT PRABHA  HPS,,,32.0,0.19,0.8,9.940000000000001,28.380000000000003,,0.0,,,,2020-08-26
HAMPI  HPS,,,36.0,0.39,0.0,16.140000000000008,5.4,,9.0,,,,2020-08-26
JOG  HPS,,,139.2,0.65,1.4300000000000002,96.90000000000015,175.79,,48.0,,,,2020-08-26
KADRA  HPS,,,150.0,1.65,1.8900000000000001,204.90000000000015,214.42000000000002,,0.0,,,,2020-08-26
KALINADI  HPS,,,855.0,5.0,9.53,1317.0,1502.38,,285.0,,,,2020-08-26
KALINADI SUPA  HPS,,,100.0,0.65,0.0,136.90000000000015,170.71999999999997,,0.0,,,,2020-08-26
KODASALI  HPS,,,120.0,1.03,1.3399999999999999,179.78000000000003,190.85,,0.0,,,,2020-08-26
LIGANAMAKKI  HPS,,,55.0,0.55,0.85,79.29999999999993,76.32,,0.0,,,,2020-08-26
MUNIRABAD  HPS,,,28.0,0.48,0.72,15.48000000000001,11.82,,0.0,,,,2020-08-26
SHARAVATHI  HPS,,,1035.0,10.0,11.730000000000002,1960.0,2116.5099999999998,,0.0,,,,2020-08-26
SIVASAMUNDRUM  HPS,,,42.0,0.97,1.12,94.21999999999997,124.79,,0.0,,,,2020-08-26
T B   DAM  HPS,,,36.0,0.39,1.04,16.140000000000008,21.979999999999997,,9.0,,,,2020-08-26
VARAHI  HPS,,,460.0,3.0,4.25,392.0,486.67999999999995,,0.0,,,,2020-08-26
TORANGALLU TPS(SBU-I),,,260.0,3.51,2.3,536.2599999999998,382.99,,130.0,,,,2020-08-26
TORANGALLU TPS(SBU-I),Unit 1, ,130.0,1.61,2.3,228.86000000000035,354.45,,0.0,,,,2020-08-26
TORANGALLU TPS(SBU-I),Unit 2,L,130.0,1.9,0.0,307.3999999999994,28.54,,130.0,43933.0,,RSD/LOW SCHEDULE,2020-08-26
TORANGALLU TPS(SBU-II),,,600.0,6.91,6.18,1077.6600000000021,541.42,,300.0,,,,2020-08-26
TORANGALLU TPS(SBU-II),Unit 3, ,300.0,3.94,6.18,638.4400000000014,541.42,,0.0,,,,2020-08-26
TORANGALLU TPS(SBU-II),Unit 4,L,300.0,2.97,0.0,439.2200000000007,0.0,,300.0,43828.65902777778,,RESERVE SHUT DOWN / STANDBY UNIT,2020-08-26
UDUPI TPP,,,1200.0,12.350000000000001,0.0,1706.1000000000006,587.71,,1200.0,,,,2020-08-26
UDUPI TPP,Unit 1,L,600.0,6.03,0.0,681.7799999999993,349.17,,600.0,44046.49930555555,,RSD/LOW SCHEDULE,2020-08-26
UDUPI TPP,Unit 2,L,600.0,6.32,0.0,1024.3200000000013,238.54,,600.0,44047.04861111111,,RSD/LOW SCHEDULE,2020-08-26
BELLARY DG,,,25.2,0.0,0.0,0.0,0.0,,0.0,,,,2020-08-26
KUDGI STPP,,,2400.0,8.48,0.0,1977.4800000000005,365.26,38.0,2400.0,,,,2020-08-26
KUDGI STPP,Unit 1,L,800.0,0.0,0.0,600.0,70.84,,800.0,43928.52569444444,27/08/2020,CONSERVATION OF MAIN FUEL/RSD,2020-08-26
KUDGI STPP,Unit 2,L,800.0,8.48,0.0,495.4800000000005,0.0,,800.0,43917.4,27/08/2020,CONSERVATION OF MAIN FUEL/RSD,2020-08-26
KUDGI STPP,Unit 3,L,800.0,0.0,0.0,882.0,294.42,,800.0,44045.021527777775,27/08/2020,CONSERVATION OF MAIN FUEL/RSD,2020-08-26
KAIGA,,,880.0,17.92,20.08,2653.920000000002,2809.5099999999998,,0.0,,,,2020-08-26
KAIGA,Unit 1, ,220.0,4.48,4.96,662.4800000000005,751.68,,0.0,,,,2020-08-26
KAIGA,Unit 2, ,220.0,4.48,5.02,664.4800000000005,488.57,,0.0,,,,2020-08-26
KAIGA,Unit 3, ,220.0,4.48,4.92,662.4800000000005,761.39,,0.0,,,,2020-08-26
KAIGA,Unit 4, ,220.0,4.48,5.18,664.4800000000005,807.87,,0.0,,,,2020-08-26
BRAMHAPURAM DG,,,63.96,0.0,0.0,0.0,0.0,,0.0,,,,2020-08-26
KOZHIKODE DG,,,96.0,0.0,0.0,0.0,0.0,,0.0,,,,2020-08-26
IDAMALAYAR  HPS.,,,75.0,0.45,0.13,80.70000000000007,98.27000000000001,,0.0,,,,2020-08-26
IDUKKI  HPS.,,,780.0,3.1,6.74,970.6000000000006,966.8699999999999,,130.0,,,,2020-08-26
KAKKAD  HPS.,,,50.0,0.35,0.59,72.09999999999987,70.38,,0.0,,,,2020-08-26
KUTTIYADI ADDL. EXTN.,,,100.0,0.97,1.22,96.21999999999997,154.22,,0.0,,,,2020-08-26
KUTTIYADI EXTN. HPS.,,,50.0,0.52,0.68,44.520000000000074,78.01,,0.0,,,,2020-08-26
KUTTIYADI  HPS.,,,75.0,1.13,0.75,109.37999999999988,82.66,,0.0,,,,2020-08-26
LOWER PERIYAR  HPS.,,,180.0,2.71,1.98,224.4600000000002,202.10999999999999,,60.0,,,,2020-08-26
NARIAMANGLAM  HPS,,,45.0,1.23,0.82,130.98000000000008,99.09,,15.0,,,,2020-08-26
PALLIVASAL  HPS.,,,37.5,0.52,0.43,72.51999999999997,57.629999999999995,,0.0,,,,2020-08-26
PANNIAR  HPS.,,,30.0,0.39,0.74,48.140000000000015,53.0,,0.0,,,,2020-08-26
PORINGALKUTTU  HPS.,,,32.0,0.58,1.04,41.079999999999956,79.1,,8.0,,,,2020-08-26
SABARIGIRI  HPS.,,,300.0,2.23,5.029999999999999,459.9800000000005,439.03,,50.0,,,,2020-08-26
SENGULAM  HPS.,,,48.0,0.48,0.52,66.47999999999996,59.03,,36.0,,,,2020-08-26
SHOLAYAR  HPS.,,,54.0,0.29,0.21,54.53999999999998,66.83,,18.0,,,,2020-08-26
THOTTIYAR HPS,,,0.0,0.0,0.0,0.0,0.0,,0.0,,,,2020-08-26
COCHIN CCPP (Liq.),,,174.0,0.0,0.0,0.0,0.0,,174.0,,,,2020-08-26
R. GANDHI CCPP (Liq.),,,359.58000000000004,0.03,0.0,2.779999999999995,0.0,,359.58000000000004,,,,2020-08-26
KARAIKAL CCPP,,,32.5,0.65,0.66,94.90000000000015,97.54,,0.0,,,,2020-08-26
METTUR TPS,,,840.0,15.07,4.73,2383.8200000000006,1498.16,32.0,630.0,,,,2020-08-26
METTUR TPS,Unit 1,S,210.0,3.84,0.0,622.8400000000008,470.25,,210.0,44065.37847222222,,RESERVE SHUT DOWN / STANDBY UNIT,2020-08-26
METTUR TPS,Unit 2, ,210.0,3.84,4.73,561.84,238.74,,0.0,,,,2020-08-26
METTUR TPS,Unit 3,S,210.0,3.55,0.0,576.2999999999993,359.96,,210.0,44065.21388888889,,RESERVE SHUT DOWN / STANDBY UNIT,2020-08-26
METTUR TPS,Unit 4,S,210.0,3.84,0.0,622.8400000000008,429.21,,210.0,44065.256944444445,,RESERVE SHUT DOWN / STANDBY UNIT,2020-08-26
METTUR TPS - II,,,600.0,4.87,0.0,1487.6199999999972,789.56,31.0,600.0,,,,2020-08-26
METTUR TPS - II,Unit 1,P,600.0,4.87,0.0,1487.6199999999972,789.56,,600.0,44059.0,04/09/2020,MISCELLANEOUS PLANNED MAINTENANCE,2020-08-26
NORTH CHENNAI TPS,,,1830.0,27.689999999999998,28.14,4735.610000000002,2671.0,23.0,420.0,,,,2020-08-26
NORTH CHENNAI TPS,Unit 1,*,210.0,3.84,0.99,622.8400000000008,415.34,,210.0,44066.64791666667,26/08/2020 15:40:00,FURNACE FIRE OUT /FLAME FAILURE,2020-08-26
NORTH CHENNAI TPS,Unit 2,P,210.0,3.85,0.0,563.8500000000005,528.45,,210.0,44066.770833333336,,BOILER OVERHAUL/ ANNUAL MAINTENANCE,2020-08-26
NORTH CHENNAI TPS,Unit 3, ,210.0,0.0,4.18,614.920000000001,292.83,,0.0,,,,2020-08-26
NORTH CHENNAI TPS,Unit 4, ,600.0,10.0,11.29,1313.0,1009.48,,0.0,,,,2020-08-26
NORTH CHENNAI TPS,Unit 5, ,600.0,10.0,11.68,1621.0,424.9,,0.0,,,,2020-08-26
NORTH CHENNAI TPS,Unit 6, ,0.0,0.0,0.0,0.0,0.0,,0.0,,,unit not yet commissioned,2020-08-26
TUTICORIN TPS,,,1050.0,12.09,18.75,2211.5,1880.6100000000001,32.0,210.0,,,,2020-08-26
TUTICORIN TPS,Unit 1, ,210.0,0.0,4.58,502.96000000000004,404.32,,0.0,,,,2020-08-26
TUTICORIN TPS,Unit 2, ,210.0,3.0,4.66,488.0,536.16,,0.0,,,,2020-08-26
TUTICORIN TPS,Unit 3, ,210.0,3.0,4.43,343.0,418.76,,0.0,,,,2020-08-26
TUTICORIN TPS,Unit 4, ,210.0,3.0,5.08,441.0,521.37,,0.0,,,,2020-08-26
TUTICORIN TPS,Unit 5,L,210.0,3.09,0.0,436.53999999999985,0.0,,210.0,43772.91805555556,31/08/2020,TURBINE MISC. PROBLEM,2020-08-26
BASIN BRIDGE GT (Liq.),,,120.0,0.0,0.0,0.0,0.0,,90.0,,,,2020-08-26
KOVIKALPAL CCPP,,,107.88,1.0,0.83,104.99999999999997,153.57999999999998,,0.0,,,,2020-08-26
KUTTALAM CCPP,,,100.0,1.04,2.19,155.04000000000016,203.07999999999998,,0.0,,,,2020-08-26
VALUTHUR CCPP,,,186.20000000000002,2.49,3.89,353.74000000000024,517.81,,0.0,,,,2020-08-26
ALIYAR  HPS.,,,60.0,0.48,0.97,39.479999999999954,45.58,,0.0,,,,2020-08-26
BHAWANI BARRAGE-II HPS,,,30.0,0.19,0.43,5.940000000000003,34.849999999999994,,0.0,,,,2020-08-26
BHAWANI BARRAGE-III HPS,,,30.0,0.19,0.29000000000000004,4.940000000000001,20.54,,0.0,,,,2020-08-26
BHAWANI KATTAL,,,30.0,0.23,0.6100000000000001,10.980000000000011,42.8,,0.0,,,,2020-08-26
KADAMPARI  HPS.,,,400.0,1.42,0.7100000000000001,128.92000000000004,209.15,,100.0,,,,2020-08-26
KODAYAR-I HPS.,,,60.0,0.45,0.48,29.69999999999998,39.07,,0.0,,,,2020-08-26
KODAYAR-II HPS.,,,40.0,0.16,0.16,10.160000000000004,22.97,,0.0,,,,2020-08-26
KUNDAH-I HPS.,,,60.0,0.55,1.23,93.29999999999993,122.9,,0.0,,,,2020-08-26
KUNDAH-II HPS.,,,175.0,1.58,3.2,210.08000000000033,310.41,,0.0,,,,2020-08-26
KUNDAH-III HPS.,,,180.0,1.1,1.86,140.59999999999985,178.31,,0.0,,,,2020-08-26
KUNDAH-IV HPS.,,,100.0,0.42,0.68,54.920000000000044,55.72,,50.0,,,,2020-08-26
KUNDAH-V HPS.,,,40.0,0.13,0.52,17.380000000000003,5.44,,0.0,,,,2020-08-26
LOWER METTUR-I HPS.,,,30.0,0.19,0.48,8.940000000000007,30.06,,0.0,,,,2020-08-26
LOWER METTUR-II HPS.,,,30.0,0.29,0.52,12.539999999999987,31.14,,0.0,,,,2020-08-26
LOWER METTUR-III HPS.,,,30.0,0.19,0.54,10.939999999999996,31.89,,0.0,,,,2020-08-26
LOWER METTUR-IV HPS.,,,30.0,0.16,0.47,8.160000000000004,27.099999999999998,,0.0,,,,2020-08-26
METTUR DAM  HPS.,,,50.0,0.39,1.02,27.140000000000015,50.77,,0.0,,,,2020-08-26
METTUR TUNNEL  HPS.,,,200.0,1.23,3.08,36.98,142.29,,0.0,,,,2020-08-26
MOYAR  HPS,,,36.0,0.35,0.59,48.10000000000004,44.48,,0.0,,,,2020-08-26
PAPANASAM  HPS.,,,32.0,0.35,0.68,34.10000000000004,30.380000000000003,,0.0,,,,2020-08-26
PARSON`S VALLEY  HPS.,,,30.0,0.13,0.02,9.380000000000006,24.71,,0.0,,,,2020-08-26
PERIYAR  HPS.,,,161.0,1.77,3.5100000000000002,122.0199999999999,79.13,,119.0,,,,2020-08-26
PYKARA  HPS.,,,59.2,0.1,0.0,13.59999999999999,0.8,,0.0,,,,2020-08-26
PYKARA ULTMATE  HPS.,,,150.0,0.9,2.39,128.40000000000015,137.54,,50.0,,,,2020-08-26
SARKARPATHY  HPS.,,,30.0,0.48,0.39,22.48000000000001,38.18,,0.0,,,,2020-08-26
SHOLAYAR HPS (TN),,,70.0,0.84,0.71,56.84000000000009,99.8,,0.0,,,,2020-08-26
SURULIYAR  HPS.,,,35.0,0.19,0.64,15.939999999999987,13.76,,35.0,,,,2020-08-26
ITPCL TPP,,,1200.0,8.71,13.41,2393.460000000001,2352.83,,600.0,,,,2020-08-26
ITPCL TPP,Unit 1, ,600.0,8.71,13.41,1080.460000000001,1099.14,,0.0,,,,2020-08-26
ITPCL TPP,Unit 2,P,600.0,0.0,0.0,1313.0,1253.69,,600.0,44028.03888888889,,SCHEDULED ANNUAL MAINTENANCE,2020-08-26
MUTHIARA TPP,,,1200.0,6.35,10.98,1885.1000000000006,848.52,,600.0,,,,2020-08-26
MUTHIARA TPP,Unit 1,L,600.0,0.0,0.0,858.0,33.12,,600.0,43926.674305555556,,COAL SHORTAGE,2020-08-26
MUTHIARA TPP,Unit 2, ,600.0,6.35,10.98,1027.1000000000006,815.4,,0.0,,,,2020-08-26
NEYVELI TPS(Z),,,250.0,3.76,5.38,475.1999999999998,433.64,,0.0,,,,2020-08-26
NEYVELI TPS(Z),Unit 1, ,250.0,3.76,5.38,475.1999999999998,433.64,,0.0,,,,2020-08-26
TUTICORIN (P) TPP,,,300.0,0.0,0.0,0.0,0.0,,300.0,,,,2020-08-26
TUTICORIN (P) TPP,Unit 1,L,150.0,0.0,0.0,0.0,0.0,,150.0,42463.021527777775,,NO Power purchase agreement,2020-08-26
TUTICORIN (P) TPP,Unit 2,L,150.0,0.0,0.0,0.0,0.0,,150.0,42476.07083333333,,NO Power purchase agreement,2020-08-26
KARUPPUR CCPP,,,119.8,1.5899999999999999,0.0,210.3400000000001,181.86,,0.0,,,,2020-08-26
P.NALLUR CCPP,,,330.5,0.0,0.0,0.0,0.0,,330.5,,,,2020-08-26
VALANTARVY CCPP,,,52.8,1.03,0.0,152.77999999999986,82.25999999999999,,52.8,,,,2020-08-26
SAMALPATTI DG,,,105.7,0.0,0.0,0.0,0.0,,0.0,,,,2020-08-26
SAMAYANALLUR DG,,,106.001,0.0,0.0,0.0,0.0,,0.0,,,,2020-08-26
NEYVELI ( EXT) TPS,,,420.0,8.46,10.25,1087.960000000001,1409.3400000000001,,0.0,,,,2020-08-26
NEYVELI ( EXT) TPS,Unit 1, ,210.0,4.23,5.11,540.9800000000005,707.45,,0.0,,,,2020-08-26
NEYVELI ( EXT) TPS,Unit 2, ,210.0,4.23,5.14,546.9800000000005,701.89,,0.0,,,,2020-08-26
NEYVELI NEW TPP,,,500.0,11.3,0.0,1835.7999999999988,1149.2,,500.0,,,,2020-08-26
NEYVELI NEW TPP,Unit 1,L,500.0,5.65,0.0,917.8999999999994,1149.2,,500.0,44050.885416666664,,BOILER MISC. PROBLEM,2020-08-26
NEYVELI NEW TPP,Unit 2, ,0.0,5.65,0.0,917.8999999999994,0.0,,0.0,,,unit not yet commissioned,2020-08-26
NEYVELI TPS- I,,,100.0,0.0,1.6600000000000001,0.0,483.45000000000005,,0.0,,,,2020-08-26
NEYVELI TPS- I,Unit 2,L,0.0,0.0,0.0,0.0,49.51,,0.0,44002.72430555556,,RSD/LOW SCHEDULE,2020-08-26
NEYVELI TPS- I,Unit 3,L,0.0,0.0,0.0,0.0,88.17,,0.0,44034.50347222222,,VINTAGE UNIT WITHDRAWN AND CLOSED FOR OPERATION,2020-08-26
NEYVELI TPS- I,Unit 4,L,0.0,0.0,0.0,0.0,33.69,,0.0,43965.39861111111,,ESP PROBLEM,2020-08-26
NEYVELI TPS- I,Unit 5, ,50.0,0.0,0.8,0.0,111.73,,0.0,,,,2020-08-26
NEYVELI TPS- I,Unit 6, ,50.0,0.0,0.86,0.0,117.99,,0.0,,,,2020-08-26
NEYVELI TPS- I,Unit 8,L,0.0,0.0,0.0,0.0,82.36,,0.0,43986.65,,WATER WALL TUBE LEAKAGE,2020-08-26
NEYVELI TPS-II,,,1470.0,22.970000000000002,9.52,4046.2200000000007,2644.5,,1050.0,,,,2020-08-26
NEYVELI TPS-II,Unit 1, ,210.0,3.97,4.6,643.2200000000007,544.72,,0.0,,,,2020-08-26
NEYVELI TPS-II,Unit 2,L,210.0,0.0,0.0,519.0,383.65,,210.0,44014.4875,,BOILER AUX. MISC. PROMLEMS,2020-08-26
NEYVELI TPS-II,Unit 3, ,210.0,3.97,4.92,641.2200000000007,606.5,,0.0,,,,2020-08-26
NEYVELI TPS-II,Unit 4,P,210.0,4.0,0.0,544.0,267.2,,210.0,44013.615277777775,,MISCELLANEOUS PLANNED MAINTENANCE,2020-08-26
NEYVELI TPS-II,Unit 5,L,210.0,3.74,0.0,594.2400000000002,362.57,,210.0,44012.396527777775,,BOILER AUX. MISC. PROMLEMS,2020-08-26
NEYVELI TPS-II,Unit 6,L,210.0,3.77,0.0,568.0199999999995,151.33,,210.0,43958.69513888889,,BOILER AUX. MISC. PROMLEMS,2020-08-26
NEYVELI TPS-II,Unit 7,P,210.0,3.52,0.0,536.5199999999995,328.53,,210.0,44013.63958333333,,MISCELLANEOUS PLANNED MAINTENANCE,2020-08-26
NEYVELI TPS-II EXP,,,500.0,8.54,10.02,1243.039999999999,711.29,,0.0,,,,2020-08-26
NEYVELI TPS-II EXP,Unit 1, ,250.0,4.48,5.22,585.4800000000005,372.0,,0.0,,,,2020-08-26
NEYVELI TPS-II EXP,Unit 2, ,250.0,4.06,4.8,657.5599999999986,339.29,,0.0,,,,2020-08-26
TUTICORIN (JV) TPP,,,1000.0,17.340000000000003,7.96,2634.3200000000033,2128.9700000000003,27.0,500.0,,,,2020-08-26
TUTICORIN (JV) TPP,Unit 1,P,500.0,8.71,0.0,1413.460000000001,1082.42,,500.0,44066.0,27/08/2020,BOILER INSPECTION/ RE-CERTIFICATION,2020-08-26
TUTICORIN (JV) TPP,Unit 2, ,500.0,8.63,7.96,1220.8600000000024,1046.55,,0.0,,,,2020-08-26
VALLUR TPP,,,1500.0,22.11,21.939999999999998,3148.4600000000005,846.0899999999999,30.0,0.0,,,,2020-08-26
VALLUR TPP,Unit 1, ,500.0,7.65,7.22,838.6999999999996,251.09,,0.0,,,,2020-08-26
VALLUR TPP,Unit 2, ,500.0,7.42,7.34,1201.9200000000017,310.21,,0.0,,,,2020-08-26
VALLUR TPP,Unit 3, ,500.0,7.04,7.38,1107.8399999999992,284.79,,0.0,,,,2020-08-26
KUDANKULAM,,,2000.0,36.0,38.71,3960.0,3738.77,,0.0,,,,2020-08-26
KUDANKULAM,Unit 1, ,1000.0,18.0,14.41,1296.0,742.06,,0.0,,,,2020-08-26
KUDANKULAM,Unit 2, ,1000.0,18.0,24.3,2664.0,2996.71,,0.0,,,,2020-08-26
MADRAS  A.P.S.,,,440.0,7.91,5.51,1169.6600000000003,752.96,,220.0,,,,2020-08-26
MADRAS  A.P.S.,Unit 1,L,220.0,3.68,0.0,543.6799999999997,0.0,,220.0,43130.6875,,REACTOR MAINTENANCE WORKS.,2020-08-26
MADRAS  A.P.S.,Unit 2, ,220.0,4.23,5.51,625.9800000000005,752.96,,0.0,,,,2020-08-26
BHADRADRI TPP,,,270.0,0.0,0.0,327.0,392.29,,270.0,,,,2020-08-26
BHADRADRI TPP,Unit 1,S,270.0,0.0,0.0,327.0,392.29,,270.0,44066.75833333333,,AIR PREHEATERS PROBLEM,2020-08-26
BHADRADRI TPP,Unit 2, ,0.0,0.0,0.0,0.0,0.0,,0.0,,,unit not yet commissioned,2020-08-26
BHADRADRI TPP,Unit 3, ,0.0,0.0,0.0,0.0,0.0,,0.0,,,unit not yet commissioned,2020-08-26
BHADRADRI TPP,Unit 4, ,0.0,0.0,0.0,0.0,0.0,,0.0,,,unit not yet commissioned,2020-08-26
KAKATIYA TPS,,,1100.0,8.94,12.75,3149.7400000000016,2264.95,35.0,500.0,,,,2020-08-26
KAKATIYA TPS,Unit 1,S,500.0,8.94,0.0,1446.4400000000014,938.25,,500.0,44058.47638888889,,RESERVE SHUT DOWN / STANDBY UNIT,2020-08-26
KAKATIYA TPS,Unit 2, ,600.0,0.0,12.75,1703.3000000000002,1326.7,,0.0,,,,2020-08-26
KOTHAGUDEM TPS (NEW),,,1000.0,18.490000000000002,17.23,2994.7400000000034,2507.12,37.0,250.0,,,,2020-08-26
KOTHAGUDEM TPS (NEW),Unit 9,*,250.0,4.45,0.32,722.7000000000012,335.49,,250.0,44068.59652777778,26/08/2020 21:32:00,GOVERNING SYSTEM PROBLEM,2020-08-26
KOTHAGUDEM TPS (NEW),Unit 10, ,250.0,5.1,5.6,825.6000000000006,723.63,,0.0,,,,2020-08-26
KOTHAGUDEM TPS (NEW),Unit 11, ,500.0,8.94,11.31,1446.4400000000014,1448.0,,0.0,,,,2020-08-26
KOTHAGUDEM TPS (STAGE-7),,,800.0,14.42,19.28,2338.920000000002,2321.52,25.0,0.0,,,,2020-08-26
KOTHAGUDEM TPS (STAGE-7),Unit 12, ,800.0,14.42,19.28,2338.920000000002,2321.52,,0.0,,,,2020-08-26
RAMAGUNDEM - B TPS,,,62.5,1.23,1.22,197.97999999999973,42.98,,0.0,,,,2020-08-26
RAMAGUNDEM - B TPS,Unit 1, ,62.5,1.23,1.22,197.97999999999973,42.98,,0.0,,,,2020-08-26
SINGARENI TPP,,,1200.0,12.61,28.85,3231.8599999999974,2290.24,29.0,0.0,,,,2020-08-26
SINGARENI TPP,Unit 1, ,600.0,12.61,14.45,1575.8599999999974,867.15,,0.0,,,,2020-08-26
SINGARENI TPP,Unit 2, ,600.0,0.0,14.4,1656.0,1423.09,,0.0,,,,2020-08-26
LOWER JURALA HPS,,,240.0,1.32,3.7399999999999998,48.32000000000001,132.99,,0.0,,,,2020-08-26
NAGARJUN SGR  HPS,,,815.5999999999999,8.68,16.92,355.6800000000002,127.49,,100.8,,,,2020-08-26
NAGARJUN SGR  LBC  HPS,,,60.0,0.19,0.9299999999999999,6.940000000000006,10.26,,0.0,,,,2020-08-26
POCHAMPAD  HPS,,,36.0,0.16,0.22,7.160000000000004,10.68,,18.0,,,,2020-08-26
PRIYADARSHNI  JURALA  HPS,,,234.0,1.97,3.28,68.21999999999997,125.74000000000001,,39.0,,,,2020-08-26
PULICHINTALA HPS,,,120.0,0.16,1.5,4.160000000000001,13.16,,30.0,,,,2020-08-26
SRISAILAM LB  HPS,,,900.0,10.26,20.96,392.75999999999976,803.81,,0.0,,,,2020-08-26
RAMAGUNDEM STPS,,,2600.0,42.11,46.11,6715.86000000001,6431.469999999999,10.0,500.0,,,,2020-08-26
RAMAGUNDEM STPS,Unit 1, ,200.0,3.94,4.07,638.4400000000014,530.79,,0.0,,,,2020-08-26
RAMAGUNDEM STPS,Unit 2, ,200.0,0.0,4.09,501.0,543.85,,0.0,,,,2020-08-26
RAMAGUNDEM STPS,Unit 3, ,200.0,3.97,3.66,293.22000000000025,567.68,,0.0,,,,2020-08-26
RAMAGUNDEM STPS,Unit 4, ,500.0,8.13,11.14,1319.3800000000028,1344.14,,0.0,,,,2020-08-26
RAMAGUNDEM STPS,Unit 5, ,500.0,9.71,11.25,1574.460000000001,1339.54,,0.0,,,,2020-08-26
RAMAGUNDEM STPS,Unit 6,S,500.0,7.97,0.0,1029.2200000000007,1304.95,,500.0,44068.72222222222,27/08/2020,TURBINE VIBRATIONS HIGH,2020-08-26
RAMAGUNDEM STPS,Unit 7, ,500.0,8.39,11.9,1360.1400000000026,800.52,,0.0,,,,2020-08-26
RAMAGUNDEM STPS,Unit 1, ,0.0,0.0,0.0,0.0,0.0,,0.0,,,unit not yet commissioned,2020-08-26
AND. NICOBAR DG,,,40.048,0.42,0.36,60.920000000000044,53.28,,0.0,,,,2020-08-26
BARAUNI TPS,,,710.0,3.84,6.07,592.84,594.92,6.0,460.0,,,,2020-08-26
BARAUNI TPS,Unit 6,L,105.0,0.0,0.0,83.0,0.0,,105.0,43886.28888888889,,ELECTRICAL MISCELLANEOUS PROBLEMS,2020-08-26
BARAUNI TPS,Unit 7,L,105.0,1.0,0.0,162.0,22.93,,105.0,44007.833333333336,27/08/2020,CONSERVATION OF MAIN FUEL/RSD,2020-08-26
BARAUNI TPS,Unit 8, ,250.0,0.0,6.07,274.0,571.99,,0.0,,,,2020-08-26
BARAUNI TPS,Unit 9,L,250.0,2.84,0.0,73.84000000000005,0.0,,250.0,43190.82916666667,,NON-READINESS OF RESIDUAL WORKS OF NEW UNIT,2020-08-26
BARH I,,,0.0,7.1,0.0,411.6000000000005,0.0,,0.0,,,,2020-08-26
BARH I,Unit 1, ,0.0,7.1,0.0,411.6000000000005,0.0,,0.0,,,unit not yet commissioned,2020-08-26
BARH I,Unit 2, ,0.0,0.0,0.0,0.0,0.0,,0.0,,,unit not yet commissioned,2020-08-26
BARH II,,,1320.0,24.58,22.17,3951.080000000004,2458.34,36.0,0.0,,,,2020-08-26
BARH II,Unit 4, ,660.0,11.39,11.18,1851.1400000000026,999.55,,0.0,,,,2020-08-26
BARH II,Unit 5, ,660.0,13.19,10.99,2099.9400000000014,1458.79,,0.0,,,,2020-08-26
KAHALGAON TPS,,,2340.0,41.67,34.3,6212.420000000003,5461.01,30.0,710.0,,,,2020-08-26
KAHALGAON TPS,Unit 1, ,210.0,3.77,4.61,612.0199999999995,569.3,,0.0,,,,2020-08-26
KAHALGAON TPS,Unit 2, ,210.0,3.74,4.26,609.2400000000002,591.37,,0.0,,,,2020-08-26
KAHALGAON TPS,Unit 3,L,210.0,3.35,0.0,429.1000000000006,498.32,,210.0,44049.66736111111,,ASH HANDLING SYSTEM PROBLEM,2020-08-26
KAHALGAON TPS,Unit 4, ,210.0,3.42,4.65,553.9199999999997,514.87,,0.0,,,,2020-08-26
KAHALGAON TPS,Unit 5,L,500.0,8.74,0.0,987.2400000000002,1059.45,,500.0,44048.86875,,TURBINE VIBRATIONS HIGH,2020-08-26
KAHALGAON TPS,Unit 6, ,500.0,10.23,11.28,1657.9800000000005,888.14,,0.0,,,,2020-08-26
KAHALGAON TPS,Unit 7, ,500.0,8.42,9.5,1362.920000000002,1339.56,,0.0,,,,2020-08-26
MUZAFFARPUR TPS,,,610.0,8.42,3.12,1256.9199999999996,850.99,16.0,415.0,,,,2020-08-26
MUZAFFARPUR TPS,Unit 1,L,110.0,1.29,0.0,171.5399999999998,14.69,,110.0,44053.970138888886,,WATER WALL TUBE LEAKAGE,2020-08-26
MUZAFFARPUR TPS,Unit 2,S,110.0,1.45,0.0,235.6999999999997,24.79,,110.0,44058.89236111111,,WATER WALL TUBE LEAKAGE,2020-08-26
MUZAFFARPUR TPS,Unit 3, ,195.0,3.13,3.12,505.3799999999999,444.59,,0.0,,,,2020-08-26
MUZAFFARPUR TPS,Unit 4,L,195.0,2.55,0.0,344.3000000000003,366.92,,195.0,44036.10833333333,,TURBINE VIBRATIONS HIGH,2020-08-26
NABINAGAR STPP,,,660.0,9.16,15.48,1489.1600000000021,1993.38,9.0,0.0,,,,2020-08-26
NABINAGAR STPP,Unit 1, ,660.0,9.16,15.48,1489.1600000000021,1993.38,,0.0,,,,2020-08-26
NABINAGAR STPP,Unit 2, ,0.0,0.0,0.0,0.0,0.0,,0.0,,,unit not yet commissioned,2020-08-26
NABINAGAR STPP,Unit 3, ,0.0,0.0,0.0,0.0,0.0,,0.0,,,unit not yet commissioned,2020-08-26
NABI NAGAR TPP,,,750.0,11.52,11.39,1486.5199999999995,1357.87,40.0,500.0,,,,2020-08-26
NABI NAGAR TPP,Unit 1, ,250.0,3.68,5.66,596.6799999999988,440.78,,0.0,,,,2020-08-26
NABI NAGAR TPP,Unit 2,S,250.0,3.23,0.0,391.9800000000005,497.28,,250.0,44060.0,,TURBINE VIBRATIONS HIGH,2020-08-26
NABI NAGAR TPP,Unit 3, ,250.0,4.61,5.73,497.86000000000035,419.81,,250.0,44062.00069444445,,WATER WALL TUBE LEAKAGE,2020-08-26
NABI NAGAR TPP,Unit 4, ,0.0,0.0,0.0,0.0,0.0,,0.0,,,unit not yet commissioned,2020-08-26
TENUGHAT TPS,,,420.0,6.58,6.55,1066.080000000001,927.45,46.0,0.0,,,,2020-08-26
TENUGHAT TPS,Unit 1, ,210.0,3.35,3.29,543.1000000000006,454.15,,0.0,,,,2020-08-26
TENUGHAT TPS,Unit 2, ,210.0,3.23,3.26,522.9800000000005,473.3,,0.0,,,,2020-08-26
SUBERNREKHA-I HPS.,,,65.0,0.42,0.0,18.92000000000001,0.0,,0.0,,,,2020-08-26
SUBERNREKHA-II HPS.,,,65.0,0.42,0.82,18.92000000000001,26.57,,0.0,,,,2020-08-26
JOJOBERA TPS,,,240.0,4.7,4.619999999999999,766.2000000000012,478.4,,0.0,,,,2020-08-26
JOJOBERA TPS,Unit 2, ,120.0,2.35,2.05,383.1000000000006,234.89,,0.0,,,,2020-08-26
JOJOBERA TPS,Unit 3, ,120.0,2.35,2.57,383.1000000000006,243.51,,0.0,,,,2020-08-26
MAHADEV PRASAD STPP,,,540.0,9.57,9.24,1312.1400000000012,1116.0,5.0,0.0,,,,2020-08-26
MAHADEV PRASAD STPP,Unit 1, ,270.0,5.12,4.28,589.44,492.39,,0.0,,,,2020-08-26
MAHADEV PRASAD STPP,Unit 2, ,270.0,4.45,4.96,722.7000000000012,623.61,,0.0,,,,2020-08-26
MAITHON RB TPP,,,1050.0,20.740000000000002,17.35,3365.2400000000002,2650.58,24.0,0.0,,,,2020-08-26
MAITHON RB TPP,Unit 1, ,525.0,10.77,8.74,1749.0199999999995,1331.14,,0.0,,,,2020-08-26
MAITHON RB TPP,Unit 2, ,525.0,9.97,8.61,1616.2200000000007,1319.44,,0.0,,,,2020-08-26
MAITRISHI USHA TPS,,,0.0,0.0,0.0,0.0,0.0,,0.0,,,,2020-08-26
MAITRISHI USHA TPS,Unit 1, ,0.0,0.0,0.0,0.0,0.0,,0.0,,,unit not yet commissioned,2020-08-26
MAITRISHI USHA TPS,Unit 2, ,0.0,0.0,0.0,0.0,0.0,,0.0,,,unit not yet commissioned,2020-08-26
BOKARO `B` TPS,,,210.0,2.18,0.0,13.08,10.87,61.0,210.0,,,,2020-08-26
BOKARO `B` TPS,Unit 3,L,210.0,2.18,0.0,13.08,10.87,,210.0,44001.34722222222,,RESERVE SHUT DOWN / STANDBY UNIT,2020-08-26
BOKARO TPS `A` EXP,,,500.0,9.45,8.92,1146.7000000000012,1210.05,21.0,0.0,,,,2020-08-26
BOKARO TPS `A` EXP,Unit 1, ,500.0,9.45,8.92,1146.7000000000012,1210.05,,0.0,,,,2020-08-26
CHANDRAPURA(DVC) TPS,,,500.0,8.9,11.43,1443.4000000000024,1219.32,48.0,0.0,,,,2020-08-26
CHANDRAPURA(DVC) TPS,Unit 7, ,250.0,4.45,5.81,722.7000000000012,678.4,,0.0,,,,2020-08-26
CHANDRAPURA(DVC) TPS,Unit 8, ,250.0,4.45,5.62,720.7000000000012,540.92,,0.0,,,,2020-08-26
KODARMA TPP,,,1000.0,18.64,23.740000000000002,2493.6399999999994,2697.19,35.0,0.0,,,,2020-08-26
KODARMA TPP,Unit 1, ,500.0,9.58,11.9,1024.080000000001,1147.93,,0.0,,,,2020-08-26
KODARMA TPP,Unit 2, ,500.0,9.06,11.84,1469.5599999999986,1549.26,,0.0,,,,2020-08-26
NORTH KARANPURA TPP,,,0.0,0.0,0.0,0.0,0.0,,0.0,,,,2020-08-26
NORTH KARANPURA TPP,Unit 1, ,0.0,0.0,0.0,0.0,0.0,,0.0,,,unit not yet commissioned,2020-08-26
PANCHET  HPS.,,,80.0,0.97,1.49,50.21999999999997,96.78,,0.0,,,,2020-08-26
IB VALLEY TPS,,,1740.0,23.97,21.810000000000002,3816.2200000000034,3778.2,18.0,660.0,,,,2020-08-26
IB VALLEY TPS,Unit 1, ,210.0,2.81,4.13,453.06000000000006,563.5,,0.0,,,,2020-08-26
IB VALLEY TPS,Unit 2, ,210.0,2.84,3.42,384.83999999999935,526.81,,0.0,,,,2020-08-26
IB VALLEY TPS,Unit 3,*,660.0,9.16,5.27,1489.1600000000021,1226.04,,660.0,44069.52569444444,26/08/2020 18:44:00,ELECTRICAL MISCELLANEOUS PROBLEMS,2020-08-26
IB VALLEY TPS,Unit 4, ,660.0,9.16,8.99,1489.1600000000021,1461.85,,0.0,,,,2020-08-26
BALIMELA  HPS.,,,510.0,4.55,5.04,576.2999999999995,758.53,,180.0,,,,2020-08-26
CHIPLIMA HPS,,,72.0,0.9,1.24,97.40000000000015,141.10999999999999,,48.0,,,,2020-08-26
HIRAKUD HPS,,,275.5,3.0,2.33,229.0,281.79,,75.0,,,,2020-08-26
MACHKUND  HPS,,,114.75,1.45,1.76,201.6999999999997,250.14,,0.0,,,,2020-08-26
RENGALI  HPS.,,,250.0,4.55,5.299999999999999,336.3000000000003,491.14,,0.0,,,,2020-08-26
UPPER  INDRAVATI  HPS.,,,600.0,7.19,5.279999999999999,867.9400000000014,863.99,,0.0,,,,2020-08-26
UPPER KOLAB  HPS.,,,320.0,2.0,1.6600000000000001,314.0,424.75,,80.0,,,,2020-08-26
DERANG TPP,,,1200.0,6.29,8.0,1245.54,1992.14,51.0,600.0,,,,2020-08-26
DERANG TPP,Unit 1, ,600.0,6.29,8.0,588.5399999999998,1223.17,,0.0,,,,2020-08-26
DERANG TPP,Unit 2,L,600.0,0.0,0.0,657.0,768.97,,600.0,43950.052083333336,,I.D. FANS PROBLEM,2020-08-26
ICCL IMP,,,0.0,0.42,0.6,60.920000000000044,63.79,,0.0,,,,2020-08-26
ICCL IMP,Unit 2, ,0.0,0.42,0.6,60.920000000000044,63.79,,0.0,,,,2020-08-26
KAMALANGA TPS,,,1050.0,20.81,24.2,3381.0600000000027,2443.33,9.0,0.0,,,,2020-08-26
KAMALANGA TPS,Unit 1, ,350.0,6.55,8.4,1062.2999999999988,841.71,,0.0,,,,2020-08-26
KAMALANGA TPS,Unit 2, ,350.0,7.13,8.36,1159.380000000002,839.81,,0.0,,,,2020-08-26
KAMALANGA TPS,Unit 3, ,350.0,7.13,7.44,1159.380000000002,761.81,,0.0,,,,2020-08-26
LANCO BABANDH TPP,,,0.0,0.0,0.0,0.0,0.0,,0.0,,,,2020-08-26
LANCO BABANDH TPP,Unit 1, ,0.0,0.0,0.0,0.0,0.0,,0.0,,,unit not yet commissioned,2020-08-26
NALCO IMP,,,0.0,0.26,0.78,38.75999999999995,72.43,,0.0,,,,2020-08-26
NALCO IMP,Unit 1, ,0.0,0.26,0.78,38.75999999999995,72.43,,0.0,,,,2020-08-26
STERLITE TPP,,,1200.0,0.0,5.75,0.0,1255.43,,600.0,,,,2020-08-26
STERLITE TPP,Unit 1,L,600.0,0.0,0.0,0.0,0.0,,600.0,43427.01527777778,,TURBINE VIBRATIONS HIGH,2020-08-26
STERLITE TPP,Unit 2, ,600.0,0.0,5.75,0.0,1255.43,,0.0,,,,2020-08-26
UTKAL TPP (IND BARATH),,,350.0,0.0,0.0,0.0,0.0,,350.0,,,,2020-08-26
UTKAL TPP (IND BARATH),Unit 1,L,350.0,0.0,0.0,0.0,0.0,,350.0,42856.0,,Other Commercial Reason,2020-08-26
UTKAL TPP (IND BARATH),Unit 2, ,0.0,0.0,0.0,0.0,0.0,,0.0,,,unit not yet commissioned,2020-08-26
DARLIPALI STPS,,,800.0,0.0,17.75,892.0,1177.35,,0.0,,,,2020-08-26
DARLIPALI STPS,Unit 1, ,800.0,0.0,17.75,892.0,1177.35,,0.0,,,,2020-08-26
DARLIPALI STPS,Unit 2, ,0.0,0.0,0.0,0.0,0.0,,0.0,,,unit not yet commissioned,2020-08-26
TALCHER (OLD) TPS,,,460.0,7.869999999999999,10.23,1410.6199999999992,1507.5700000000002,27.0,0.0,,,,2020-08-26
TALCHER (OLD) TPS,Unit 1, ,60.0,1.13,1.35,158.37999999999988,202.58,,0.0,,,,2020-08-26
TALCHER (OLD) TPS,Unit 2, ,60.0,1.03,1.36,133.78000000000003,202.61,,0.0,,,,2020-08-26
TALCHER (OLD) TPS,Unit 3, ,60.0,0.0,1.37,189.99999999999977,201.58,,0.0,,,,2020-08-26
TALCHER (OLD) TPS,Unit 4, ,60.0,1.19,1.32,192.93999999999994,200.48,,0.0,,,,2020-08-26
TALCHER (OLD) TPS,Unit 5, ,110.0,2.26,2.42,367.75999999999976,341.92,,0.0,,,,2020-08-26
TALCHER (OLD) TPS,Unit 6, ,110.0,2.26,2.41,367.75999999999976,358.4,,0.0,,,,2020-08-26
TALCHER STPS,,,3000.0,45.17,59.62,8316.420000000002,9311.53,21.0,0.0,,,,2020-08-26
TALCHER STPS,Unit 1, ,500.0,8.65,11.55,1403.9000000000024,1574.17,,0.0,,,,2020-08-26
TALCHER STPS,Unit 2, ,500.0,9.87,9.13,1601.6199999999972,1538.97,,0.0,,,,2020-08-26
TALCHER STPS,Unit 3, ,500.0,8.65,10.43,1403.9000000000024,1532.58,,0.0,,,,2020-08-26
TALCHER STPS,Unit 4, ,500.0,9.52,10.35,1543.5199999999995,1543.45,,0.0,,,,2020-08-26
TALCHER STPS,Unit 5, ,500.0,8.48,6.79,1090.4800000000005,1611.13,,0.0,,,,2020-08-26
TALCHER STPS,Unit 6, ,500.0,0.0,11.37,1273.0,1511.23,,0.0,,,,2020-08-26
TEESTA-III HPS,,,1200.0,26.61,30.05,2929.8600000000033,3467.08,,0.0,,,,2020-08-26
CHUZACHEN HPS,,,110.0,2.65,2.8899999999999997,277.8999999999999,292.4,,0.0,,,,2020-08-26
DIKCHU HPS,,,96.0,2.29,2.58,271.53999999999996,281.62,,0.0,,,,2020-08-26
JORETHANG LOOP,,,96.0,2.19,2.38,201.93999999999994,206.3,,0.0,,,,2020-08-26
RONGNICHU HPS,,,0.0,0.0,0.0,0.0,0.0,,0.0,,,,2020-08-26
TASHIDING HPS,,,97.0,2.42,2.32,227.91999999999967,225.72,,48.5,,,,2020-08-26
RANGIT HPS,,,60.0,1.39,1.04,173.13999999999965,137.2,,20.0,,,,2020-08-26
TEESTA V HPS,,,510.0,11.61,12.5,1462.8599999999974,1548.04,,0.0,,,,2020-08-26
BAKRESWAR TPS,,,1050.0,14.26,20.65,2710.76,2781.88,38.0,210.0,,,,2020-08-26
BAKRESWAR TPS,Unit 1, ,210.0,3.52,5.09,571.5199999999995,558.22,,0.0,,,,2020-08-26
BAKRESWAR TPS,Unit 2, ,210.0,0.0,5.11,475.0,532.11,,0.0,,,,2020-08-26
BAKRESWAR TPS,Unit 3, ,210.0,3.71,0.0,601.4600000000008,475.43,,210.0,44063.53958333333,,Low system demand/ costly fuel,2020-08-26
BAKRESWAR TPS,Unit 4, ,210.0,3.68,5.21,558.6799999999995,566.72,,0.0,,,,2020-08-26
BAKRESWAR TPS,Unit 5, ,210.0,3.35,5.24,504.1000000000006,649.4,,0.0,,,,2020-08-26
BANDEL TPS,,,330.0,3.58,4.34,584.0800000000007,324.58,37.0,120.0,,,,2020-08-26
BANDEL TPS,Unit 1, ,60.0,0.0,0.0,0.0,28.12,,60.0,43986.768055555556,,Low system demand/ costly fuel,2020-08-26
BANDEL TPS,Unit 2, ,60.0,0.0,0.0,0.0,40.96,,60.0,44013.402083333334,,Low system demand/ costly fuel,2020-08-26
BANDEL TPS,Unit 5, ,210.0,3.58,4.34,584.0800000000007,255.5,,0.0,,,,2020-08-26
D.P.L. TPS,,,550.0,7.58,5.93,1229.079999999998,990.22,37.0,300.0,,,,2020-08-26
D.P.L. TPS,Unit 7, ,300.0,4.06,0.0,657.5599999999986,348.13,,300.0,44067.980219907404,,Low system demand/ costly fuel,2020-08-26
D.P.L. TPS,Unit 8, ,250.0,3.52,5.93,571.5199999999995,642.09,,0.0,,,,2020-08-26
KOLAGHAT TPS,,,1260.0,8.84,3.98,1940.879999999999,577.3199999999999,15.0,1050.0,,,,2020-08-26
KOLAGHAT TPS,Unit 1,L,210.0,0.0,0.0,0.0,0.0,,210.0,43258.72777777778,,ESP PROBLEM,2020-08-26
KOLAGHAT TPS,Unit 2,L,210.0,0.0,0.0,0.0,0.0,,210.0,43825.95,,E.S.P.MISCELLANEOUS,2020-08-26
KOLAGHAT TPS,Unit 3,L,210.0,2.71,0.0,437.45999999999947,6.6,,210.0,43995.635416666664,,ASH HANDLING SYSTEM PROBLEM,2020-08-26
KOLAGHAT TPS,Unit 4, ,210.0,2.71,0.0,439.45999999999947,87.66,,210.0,44027.720138888886,,Low system demand/ costly fuel,2020-08-26
KOLAGHAT TPS,Unit 5, ,210.0,3.42,3.98,553.9199999999997,483.06,,0.0,,,,2020-08-26
KOLAGHAT TPS,Unit 6, ,210.0,0.0,0.0,510.0400000000002,0.0,,210.0,43846.98402777778,,Low system demand/ costly fuel,2020-08-26
SAGARDIGHI TPS,,,1600.0,11.96,19.28,3177.909999999998,3454.06,19.0,800.0,,,,2020-08-26
SAGARDIGHI TPS,Unit 1, ,300.0,0.0,7.29,638.1000000000005,684.21,,0.0,,,,2020-08-26
SAGARDIGHI TPS,Unit 2,L,300.0,0.0,0.0,597.8499999999998,0.0,,300.0,43908.51388888889,,ELECTRICAL MISCELLANEOUS PROBLEMS,2020-08-26
SAGARDIGHI TPS,Unit 3, ,500.0,5.9,11.99,958.3999999999994,1539.91,,0.0,,,,2020-08-26
SAGARDIGHI TPS,Unit 4,S,500.0,6.06,0.0,983.5599999999986,1229.94,,500.0,44066.50277777778,,BOILER MISC. PROBLEM,2020-08-26
SANTALDIH TPS,,,500.0,9.71,5.93,1575.460000000001,1243.52,91.0,250.0,,,,2020-08-26
SANTALDIH TPS,Unit 5, ,250.0,4.58,5.93,745.0800000000011,623.05,,0.0,,,,2020-08-26
SANTALDIH TPS,Unit 6, ,250.0,5.13,0.0,830.3799999999999,620.47,,250.0,44058.395833333336,,Low system demand/ costly fuel,2020-08-26
HALDIA GT (Liq.),,,40.0,0.0,0.0,0.0,0.0,,40.0,,,,2020-08-26
KASBA GT (Liq.),,,40.0,0.0,0.0,0.0,0.0,,40.0,,,,2020-08-26
JALDHAKA  HPS ST-I,,,36.0,0.65,0.97,82.90000000000015,94.31,,27.0,,,,2020-08-26
PURULIA PSS  HPS.,,,900.0,3.55,4.01,442.3000000000003,474.05,,0.0,,,,2020-08-26
RAMMAM  HPS.,,,50.0,1.06,1.23,117.56000000000006,123.06,,0.0,,,,2020-08-26
BUDGE BUDGE TPS,,,750.0,15.419999999999998,16.79,2502.919999999999,2284.7200000000003,19.0,0.0,,,,2020-08-26
BUDGE BUDGE TPS,Unit 1, ,250.0,5.16,5.49,838.1599999999992,734.52,,0.0,,,,2020-08-26
BUDGE BUDGE TPS,Unit 2, ,250.0,5.13,5.28,832.3799999999999,700.4,,0.0,,,,2020-08-26
BUDGE BUDGE TPS,Unit 3, ,250.0,5.13,6.02,832.3799999999999,849.8,,0.0,,,,2020-08-26
HALDIA TPP,,,600.0,12.06,13.149999999999999,1954.5599999999986,1748.27,15.0,0.0,,,,2020-08-26
HALDIA TPP,Unit 1, ,300.0,5.9,6.84,958.3999999999994,875.96,,0.0,,,,2020-08-26
HALDIA TPP,Unit 2, ,300.0,6.16,6.31,996.1599999999992,872.31,,0.0,,,,2020-08-26
HIRANMAYE TPP,,,300.0,3.16,0.0,514.1600000000005,0.0,,300.0,,,,2020-08-26
HIRANMAYE TPP,Unit 1,L,150.0,1.58,0.0,256.0800000000003,0.0,,150.0,43440.521527777775,,COAL SHORTAGE,2020-08-26
HIRANMAYE TPP,Unit 2,L,150.0,1.58,0.0,258.08000000000027,0.0,,150.0,43100.88333333333,,COAL SHORTAGE,2020-08-26
HIRANMAYE TPP,Unit 3, ,0.0,0.0,0.0,0.0,0.0,,0.0,,,unit not yet commissioned,2020-08-26
HIRANMAYE TPP,Unit 1,L,67.5,0.81,0.0,128.82000000000005,0.28,,67.5,44018.69305555556,,RESERVE SHUT DOWN / STANDBY UNIT,2020-08-26
HIRANMAYE TPP,Unit 2,L,67.5,0.0,0.0,127.03999999999999,0.0,,67.5,43845.87777777778,,RESERVE SHUT DOWN / STANDBY UNIT,2020-08-26
TITAGARH TPS,,,240.0,0.0,0.0,0.0,0.0,7.0,240.0,,,,2020-08-26
TITAGARH TPS,Unit 1,L,60.0,0.0,0.0,0.0,0.0,,60.0,42653.20625,,RESERVE SHUT DOWN / STANDBY UNIT,2020-08-26
TITAGARH TPS,Unit 2,L,60.0,0.0,0.0,0.0,0.0,,60.0,42652.20625,,RESERVE SHUT DOWN / STANDBY UNIT,2020-08-26
TITAGARH TPS,Unit 3,L,60.0,0.0,0.0,0.0,0.0,,60.0,42653.17916666667,,RESERVE SHUT DOWN / STANDBY UNIT,2020-08-26
TITAGARH TPS,Unit 4,L,60.0,0.0,0.0,0.0,0.0,,60.0,42652.23333333333,,RESERVE SHUT DOWN / STANDBY UNIT,2020-08-26
DURGAPUR STEEL TPS,,,1000.0,8.65,9.79,2842.920000000002,1942.04,48.0,500.0,,,,2020-08-26
DURGAPUR STEEL TPS,Unit 1, ,500.0,8.65,9.79,1403.9000000000024,966.67,,0.0,,,,2020-08-26
DURGAPUR STEEL TPS,Unit 2, ,500.0,0.0,0.0,1439.0199999999993,975.37,,500.0,44031.03611111111,,Low system demand/ costly fuel,2020-08-26
DURGAPUR TPS,,,210.0,2.1,0.0,338.6000000000006,0.0,91.0,210.0,,,,2020-08-26
DURGAPUR TPS,Unit 4,L,210.0,2.1,0.0,338.6000000000006,0.0,,210.0,43892.7375,,WATER WALL TUBE LEAKAGE,2020-08-26
FARAKKA STPS,,,2100.0,35.02,30.729999999999997,5484.520000000002,4292.860000000001,40.0,400.0,,,,2020-08-26
FARAKKA STPS,Unit 1,S,200.0,3.29,0.0,533.5400000000002,322.82,,200.0,44063.518055555556,27/08/2020,CONSERVATION OF MAIN FUEL/RSD,2020-08-26
FARAKKA STPS,Unit 2, ,200.0,3.32,3.42,342.3199999999998,342.76,,0.0,,,,2020-08-26
FARAKKA STPS,Unit 3,S,200.0,3.77,0.0,612.0199999999995,331.78,,200.0,44058.754166666666,27/08/2020,CONSERVATION OF MAIN FUEL/RSD,2020-08-26
FARAKKA STPS,Unit 4, ,500.0,9.16,8.84,1485.1600000000021,1001.7,,0.0,,,,2020-08-26
FARAKKA STPS,Unit 5, ,500.0,8.42,8.85,1362.920000000002,1121.28,,0.0,,,,2020-08-26
FARAKKA STPS,Unit 6, ,500.0,7.06,9.62,1148.5599999999986,1172.52,,0.0,,,,2020-08-26
MEJIA TPS,,,2340.0,36.25,35.47,5302.8499999999985,3911.9700000000003,38.0,630.0,,,,2020-08-26
MEJIA TPS,Unit 1, ,210.0,3.16,0.0,513.1600000000007,33.31,,210.0,44065.875,,Low system demand/ costly fuel,2020-08-26
MEJIA TPS,Unit 2, ,210.0,2.48,0.0,264.47999999999985,254.44,,210.0,44056.11597222222,,Low system demand/ costly fuel,2020-08-26
MEJIA TPS,Unit 3, ,210.0,2.87,0.0,466.6200000000001,152.36,,210.0,44044.39027777778,,Low system demand/ costly fuel,2020-08-26
MEJIA TPS,Unit 4, ,210.0,2.68,4.35,314.6800000000002,384.37,,0.0,,,,2020-08-26
MEJIA TPS,Unit 5, ,250.0,4.23,5.17,688.9800000000005,710.07,,0.0,,,,2020-08-26
MEJIA TPS,Unit 6, ,250.0,4.23,5.15,683.9800000000005,421.7,,0.0,,,,2020-08-26
MEJIA TPS,Unit 7, ,500.0,7.87,10.35,1278.6199999999972,756.81,,0.0,,,,2020-08-26
MEJIA TPS,Unit 8, ,500.0,8.73,10.45,1092.3300000000004,1198.91,,0.0,,,,2020-08-26
RAGHUNATHPUR TPP,,,1200.0,13.84,17.97,2244.839999999998,1791.78,19.0,0.0,,,,2020-08-26
RAGHUNATHPUR TPP,Unit 1, ,600.0,7.29,9.0,1182.539999999999,1073.77,,0.0,,,,2020-08-26
RAGHUNATHPUR TPP,Unit 2, ,600.0,6.55,8.97,1062.2999999999988,718.01,,0.0,,,,2020-08-26
MAITHON  HPS.,,,63.2,0.87,1.48,46.61999999999997,105.19,,0.0,,,,2020-08-26
TEESTA LOW DAM-III HPS,,,132.0,2.74,3.19,306.24000000000024,293.13,,0.0,,,,2020-08-26
TEESTA LOW DAM-IV HPS,,,160.0,3.74,3.58,397.24000000000024,388.52,,0.0,,,,2020-08-26
KAMENG HPS,,,300.0,9.58,7.27,813.0800000000011,556.28,,0.0,,,,2020-08-26
PARE,,,110.0,2.1,1.62,264.59999999999997,293.26,,0.0,,,,2020-08-26
RANGANADI  HPS.,,,405.0,5.87,4.1,720.6200000000001,859.19,,0.0,,,,2020-08-26
LAKWA GT,,,97.2,0.68,0.68,98.6799999999999,151.54,,40.0,,,,2020-08-26
LAKWA REPLACEMENT POWER PROJECT,,,69.75500000000001,1.3299999999999998,1.51,209.5800000000002,188.92,,0.0,,,,2020-08-26
NAMRUP CCPP,,,162.4,0.64,0.44,96.63999999999996,73.38000000000001,,43.0,,,,2020-08-26
NAMRUP CCPP,,,100.0,2.35,1.2,198.09999999999985,113.42,,0.0,,,,2020-08-26
KARBI LANGPI  HPS.,,,100.0,2.35,1.2,198.09999999999985,113.42,,0.0,,,,2020-08-26
BONGAIGAON TPP,,,750.0,11.42,7.02,1709.9199999999994,1145.79,71.0,250.0,,,,2020-08-26
BONGAIGAON TPP,Unit 1, ,250.0,3.55,3.59,576.2999999999993,454.95,,0.0,,,,2020-08-26
BONGAIGAON TPP,Unit 2, ,250.0,4.52,3.43,732.5199999999995,406.93,,0.0,,,,2020-08-26
BONGAIGAON TPP,Unit 3,L,250.0,3.35,0.0,401.1000000000006,283.91,,250.0,44040.87430555555,27/08/2020,CONSERVATION OF MAIN FUEL/RSD,2020-08-26
KATHALGURI CCPP,,,291.0,4.25,2.5500000000000003,653.9899999999998,570.34,,130.5,,,,2020-08-26
KHONDONG  HPS.,,,50.0,0.87,0.0,103.62000000000012,0.0,,50.0,,,,2020-08-26
KOPILI  HPS.,,,200.0,0.0,0.0,0.0,0.0,,200.0,,,,2020-08-26
LEIMAKHONG DG,,,36.0,0.0,0.0,0.0,0.0,,0.0,,,,2020-08-26
LOKTAK  HPS.,,,105.0,2.1,2.54,251.59999999999985,197.75,,0.0,,,,2020-08-26
KYRDEMKULAI  HPS.,,,60.0,0.42,0.61,45.920000000000044,56.92,,0.0,,,,2020-08-26
MYNTDU(LESHKA) St-1 HPS,,,126.0,2.45,2.02,237.6999999999997,268.16999999999996,,0.0,,,,2020-08-26
NEW UMTRU HPS,,,40.0,0.71,0.96,68.45999999999998,99.44,,0.0,,,,2020-08-26
UMIAM  HPS ST-I,,,36.0,0.29,0.64,26.539999999999978,63.51,,0.0,,,,2020-08-26
UMIAM HPS ST-IV,,,60.0,0.71,0.72,65.46000000000001,69.9,,0.0,,,,2020-08-26
TUIRIAL HPS,,,60.0,0.87,0.48,85.6200000000001,43.62,,0.0,,,,2020-08-26
DOYANG  HPS.,,,75.0,1.55,1.21,103.29999999999993,89.72,,25.0,,,,2020-08-26
BARAMURA GT,,,58.5,0.52,0.39,69.51999999999998,67.97,,21.0,,,,2020-08-26
ROKHIA GT,,,111.0,1.0899999999999999,0.8,158.3400000000001,154.95999999999998,,48.0,,,,2020-08-26
AGARTALA GT,,,135.0,1.71,2.0999999999999996,246.45999999999987,336.02,,21.0,,,,2020-08-26
MONARCHAK CCPP,,,101.0,1.81,1.28,244.96000000000004,179.53,,0.0,,,,2020-08-26
CHUKHA,,,0.0,3.58,6.83,196.08000000000024,987.65,,0.0,,,,2020-08-26
KURICHU,,,0.0,0.87,2.11,109.62000000000012,239.41,,0.0,,,,2020-08-26
MANGDECHHU,,,0.0,8.0,16.0,1826.0,1872.15,,0.0,,,,2020-08-26
TALA,,,0.0,16.45,25.29,1752.7000000000012,2181.41,,0.0,,,,2020-08-26
