name,unit,outage_status,capacity,day prog,day gen,month cumm prog,month cumm gen,coal stock,cap under outage,outage_day_time,expected_resync,remarks,datetime
RAJGHAT TPS,1,L,67.5,0.00,0.00,0.00,0.00,,67.5,08/05/2015 13:40,,RSD/LOW SCHEDULE,2017-10-26
RAJGHAT TPS,2,L,67.5,0.00,0.00,0.00,0.00,,67.5,21/05/2015 10:20,,RSD/LOW SCHEDULE,2017-10-26
I.P.CCPP,,,270.00,2.07,0.93,404.82,371.52,,,,,,2017-10-26
PRAGATI CCGT-III,,,1500.00,6.12,6.33,1257.12,1763.48,250.00,,,,,2017-10-26
PRAGATI CCPP,,,330.40,5.45,6.55,1146.70,1050.56,,,,,,2017-10-26
RITHALA CCPP,,,108.00,0.0,0.00,0.00,0.00,108.00,,,,,2017-10-26
BADARPUR TPS,1,L,95.0,0.00,0.00,0.00,0.00,,95.0,17/10/2014 18:16,,POLLUTION PROBLEM,2017-10-26
BADARPUR TPS,2,L,95.0,0.00,0.00,0.00,0.00,,95.0,24/09/2015 19:52,,POLLUTION PROBLEM,2017-10-26
BADARPUR TPS,3,L,95.0,0.00,0.00,0.00,0.00,,95.0,09/10/2015 19:52,,POLLUTION PROBLEM,2017-10-26
BADARPUR TPS,4,S,210.0,2.90,0.00,606.40,717.84,,210.0,16/10/2017 23:32,,POLLUTION PROBLEM,2017-10-26
BADARPUR TPS,5,S,210.0,2.90,0.00,606.40,839.22,,210.0,16/10/2017 23:59,,POLLUTION PROBLEM,2017-10-26
PANIPAT TPS,,,920.00,4.71,4.75,983.46,1564.68,1,710.00,,,,2017-10-26
PANIPAT TPS,5,S,210.0,0.00,0.00,0.00,76.06,,210.0,15/10/2017 01:,,"RESERVE SHUT DOWN / STANDBYUNIT",2017-10-26
PANIPAT TPS,5,S,210.0,0.00,0.00,0.00,76.06,,210.0,02,,"RESERVE SHUT DOWN / STANDBYUNIT",2017-10-26
PANIPAT TPS,6,,210.0,0.00,4.75,0.00,230.22,,,,,,2017-10-26
PANIPAT TPS,7,S,250.0,2.19,0.00,458.94,847.34,,250.0,24/10/2017 20:45,,"RESERVE SHUT DOWN / STANDBYUNIT",2017-10-26
PANIPAT TPS,8,L,250.0,2.52,0.00,524.52,411.06,,250.0,22/09/2017 17:14,,RSD/LOW SCHEDULE,2017-10-26
RAJIV GANDHI TPS,1,S,600.0,0.00,0.00,1500.00,1123.49,,600.0,19/10/2017 19:40,,RSD/LOW SCHEDULE,2017-10-26
RAJIV GANDHI TPS,2,,600.0,6.84,10.71,1428.84,1334.76,,,,,,2017-10-26
YAMUNA NAGAR TPS,1,,300.0,4.94,5.98,1031.44,858.21,,,,,,2017-10-26
YAMUNA NAGAR TPS,2,,300.0,4.94,5.92,1031.44,1086.53,,,,,,2017-10-26
MAHATMA GANDHI TPS,1,,660.0,6.03,14.18,1260.78,2026.82,,,,,,2017-10-26
MAHATMA GANDHI TPS,2,S,660.0,5.94,0.00,1070.44,1679.61,,660.0,16/10/2017 01:04,,RSD/LOW SCHEDULE,2017-10-26
INDIRA GANDHI STPP,1,,500.0,5.26,8.24,1099.76,1578.26,,,,,,2017-10-26
INDIRA GANDHI STPP,2,L,500.0,4.97,0.00,1029.22,1390.07,,500.0,02/10/2017 07:01,,COAL SHORTAGE,2017-10-26
INDIRA GANDHI STPP,3,,500.0,4.90,8.31,1024.40,1331.39,,,,,,2017-10-26
FARIDABAD CCPP,,,431.59,3.42,3.68,715.92,346.79,137.76,,,,,2017-10-26
BASSI  HPS,,,66.00,0.65,0.52,249.90,274.32,,,,,,2017-10-26
BHAKRA H  P S,,,1325.00,10.64,9.56,3018.64,3187.50,216.00,,,,,2017-10-26
DEHAR H P S,,,990.00,6.48,5.22,2286.48,2569.69,495.00,,,,,2017-10-26
GIRI BATA HPS,,,60.00,0.48,0.44,137.48,134.09,,,,,,2017-10-26
KASHANG INTEGRATED HEP,,,195.0,0.52,0.26,196.52,172.50,,,,,,2017-10-26
LARJI  HPS,,,126.0,1.35,1.18,485.10,509.54,,,,,,2017-10-26
PONG H P S,,,396.0,3.26,6.67,537.76,837.24,,,,,,2017-10-26
SAINJ HPS,,,100.0,0.29,0.68,276.54,71.58,,,,,,2017-10-26
SANJAY  HPS,,,120.0,1.29,1.37,428.54,374.39,40.0,,,,,2017-10-26
UHL-III HPS,,,0.0,0.00,0.00,0.00,0.00,,,,,,2017-10-26
ALLAIN DUHANGAN  HPS,,,192.0,1.35,0.90,576.10,615.50,,,,,,2017-10-26
BASPA  HPS,,,300.0,2.58,2.16,1073.08,1156.04,,,,,,2017-10-26
BUDHIL HPS,,,70.0,0.45,0.40,248.70,261.59,,,,,,2017-10-26
CHANJU-I HPS,,,36.0,0.00,0.18,0.00,64.51,,,,,,2017-10-26
KARCHAM WANGTOO HPS,,,1000.0,6.45,6.50,3607.70,3940.27,,,,,,2017-10-26
MALANA  HPS,,,86.0,0.61,0.42,301.86,306.85,,,,,,2017-10-26
MALANA-II  HPS,,,100.0,0.81,0.51,335.06,334.45,,,,,,2017-10-26
SORANG HPS,,,0.0,0.00,0.00,0.00,0.00,,,,,,2017-10-26
TIDONG HPS,,,0.0,1.61,0.00,113.86,0.00,,,,,,2017-10-26
BAIRA SIUL  HPS,,,180.0,1.03,0.66,531.78,551.01,,,,,,2017-10-26
CHAMERA- I  HPS,,,540.0,3.35,2.77,1976.10,2050.67,,,,,,2017-10-26
CHAMERA- II  HPS,,,300.0,2.77,2.05,1211.02,1276.14,,,,,,2017-10-26
CHAMERA-III HPS,,,231.0,2.29,1.42,868.54,933.16,,,,,,2017-10-26
KOLDAM,,,800.0,4.29,4.52,2618.54,2866.94,,,,,,2017-10-26
NATHPA JHAKRI HPS,,,1500.0,14.84,11.98,5563.84,6053.83,,,,,,2017-10-26
PARBATI-III HPS,,,520.0,1.16,0.81,577.16,636.76,,,,,,2017-10-26
RAMPUR HPS,,,412.02,3.87,3.44,1517.62,1687.25,,,,,,2017-10-26
PAMPORE GPS (Liq.),,,175.00,0.0,0.00,0.00,0.00,,,,,,2017-10-26
BAGLIHAR  HPS,,,450.00,5.71,5.76,1803.46,2136.59,,,,,,2017-10-26
BAGLIHAR II  HPS,,,450.00,0.0,1.51,1302.00,1623.38,150.00,,,,,2017-10-26
LOWER JHELUM  HPS,,,105.00,0.58,0.49,380.08,381.50,,,,,,2017-10-26
UPPER SINDH-II HPS,,,105.00,0.65,0.00,246.90,291.23,,,,,,2017-10-26
CHUTAK HPS,,,44.00,0.13,0.15,25.38,22.27,22.00,,,,,2017-10-26
DULHASTI  HPS,,,390.00,6.9,5.35,1693.40,1858.81,,,,,,2017-10-26
KISHENGANGA HPS,,,0.00,4.65,0.00,273.90,0.00,,,,,,2017-10-26
NIMMO BAZGO HPS,,,45.00,0.23,0.26,39.98,43.31,,,,,,2017-10-26
SALAL  HPS,,,690.00,6.87,4.36,2664.62,2784.83,230.00,,,,,2017-10-26
SEWA-II  HPS,,,120.00,0.61,0.33,362.86,413.44,,,,,,2017-10-26
URI-I HPS,,,480.00,5.61,1.96,1975.86,1910.69,,,,,,2017-10-26
URI-II HPS,,,240.00,1.35,1.25,760.10,948.22,,,,,,2017-10-26
GH TPS (LEH.MOH.),1,L,210.0,2.13,0.00,439.38,322.77,,210.0,10/10/2017 13:56,,RSD/LOW SCHEDULE,2017-10-26
GH TPS (LEH.MOH.),2,S,210.0,2.13,0.00,439.38,345.57,,210.0,16/10/2017 05:40,,COAL SHORTAGE,2017-10-26
GH TPS (LEH.MOH.),3,L,250.0,3.26,0.00,681.76,749.29,,250.0,17/10/2017 19:34,,RSD/LOW SCHEDULE,2017-10-26
GH TPS (LEH.MOH.),4,S,250.0,2.87,0.00,599.62,552.49,,250.0,20/10/2017 19:09,,RSD/LOW SCHEDULE,2017-10-26
GND TPS(BHATINDA),1,L,110.0,0.26,0.00,51.76,10.20,,110.0,27/09/2017 08:40,,COAL SHORTAGE,2017-10-26
GND TPS(BHATINDA),2,L,110.0,0.26,0.00,51.76,16.05,,110.0,25/09/2017 14:09,,COAL SHORTAGE,2017-10-26
GND TPS(BHATINDA),3,L,110.0,0.29,0.00,61.54,170.19,,110.0,22/09/2017 01:02,,COAL SHORTAGE,2017-10-26
GND TPS(BHATINDA),4,L,110.0,0.29,0.00,61.54,104.69,,110.0,23/09/2017 22:,,COAL SHORTAGE,2017-10-26
GND TPS(BHATINDA),4,L,110.0,0.29,0.00,61.54,104.69,,110.0,35,,COAL SHORTAGE,2017-10-26
ROPAR TPS,1,L,210.0,2.03,0.00,430.78,136.55,,210.0,23/09/2017 19:50,,RSD/LOW SCHEDULE,2017-10-26
ROPAR TPS,2,S,210.0,2.03,0.00,430.78,264.37,,210.0,16/10/2017 17:15,,RSD/LOW SCHEDULE,2017-10-26
ROPAR TPS,3,S,210.0,1.77,0.00,370.02,280.35,,210.0,17/10/2017 23:20,,RSD/LOW SCHEDULE,2017-10-26
ROPAR TPS,4,S,210.0,2.03,0.00,430.78,366.60,,210.0,18/10/2017 19:25,,RSD/LOW SCHEDULE,2017-10-26
ROPAR TPS,5,S,210.0,1.77,0.00,370.02,388.05,,210.0,23/10/2017 21:44,,RSD/LOW SCHEDULE,2017-10-26
ROPAR TPS,6,S,210.0,1.77,0.00,370.02,287.07,,210.0,19/10/2017 20:35,,Other Commercial Reason,2017-10-26
ANANDPUR SAHIB HPS,,,134.00,1.48,0.00,491.48,451.54,,,,,,2017-10-26
GANGUWAL  HPS,,,77.65,1.13,1.23,233.38,242.66,24.20,,,,,2017-10-26
KOTLA  HPS,,,77.65,1.19,1.25,234.94,255.38,24.20,,,,,2017-10-26
MUKERIAN  HPS,,,207.00,3.74,4.59,555.24,619.96,,,,,,2017-10-26
RANJIT SAGAR  HPS,,,600.00,3.74,3.41,1183.24,1417.00,150.00,,,,,2017-10-26
SHANAN  HPS,,,110.00,0.9,0.83,435.40,441.41,,,,,,2017-10-26
GOINDWAL SAHIB TPP,1,,270.0,2.03,4.44,430.78,629.99,,,,,,2017-10-26
GOINDWAL SAHIB TPP,2,,270.0,2.03,5.35,430.78,200.06,,,,,,2017-10-26
RAJPURA TPP,1,,700.0,12.03,16.70,2520.78,2608.92,,,,,,2017-10-26
RAJPURA TPP,2,S,700.0,10.97,0.00,2292.22,2302.32,,700.0,11/10/2017 12:00,,COAL SHORTAGE,2017-10-26
TALWANDI SABO TPP,1,,660.0,6.03,11.51,1260.78,1477.61,,,,,,2017-10-26
TALWANDI SABO TPP,2,,660.0,6.03,11.30,1260.78,1384.74,,,,,,2017-10-26
TALWANDI SABO TPP,3,,660.0,6.03,11.10,1260.78,1404.20,,,,,,2017-10-26
CHHABRA TPP,1,,250.0,4.81,5.91,859.06,739.07,,,,,,2017-10-26
CHHABRA TPP,2,,250.0,4.77,5.89,859.02,741.18,,,,,,2017-10-26
CHHABRA TPP,3,,250.0,4.81,5.90,903.06,775.32,,,,,,2017-10-26
CHHABRA TPP,4,,250.0,4.77,5.78,859.02,927.28,,,,,,2017-10-26
CHHABRA TPP,5,*,660.0,6.03,0.76,1078.78,681.17,,660.0,25/10/2017 11:13,"26/10/201718.24.00",TRIPPING OF TRANSMISSION LINE,2017-10-26
GIRAL TPS,1,P,125.0,0.00,0.00,0.00,0.00,,125.0,11/07/2014 08:20,"03/06/201800.00.00",UNIT LIKELY TO BE SCRAPPED.,2017-10-26
GIRAL TPS,2,P,125.0,0.00,0.00,0.00,0.00,,125.0,27/01/2016 15:27,"12/07/201800.00.00",UNIT LIKELY TO BE SCRAPPED.,2017-10-26
KALISINDH TPS,1,,600.0,10.16,11.12,1911.16,1582.61,,,,,,2017-10-26
KALISINDH TPS,2,,600.0,10.16,13.20,1911.16,1636.87,,,,,,2017-10-26
KOTA TPS,1,L,110.0,1.45,0.00,274.70,156.63,,110.0,27/09/2017 12:59,,COAL SHORTAGE,2017-10-26
KOTA TPS,2,L,110.0,1.45,0.00,273.70,159.45,,110.0,27/09/2017 18:30,,COAL SHORTAGE,2017-10-26
KOTA TPS,3,,210.0,4.52,4.01,742.52,465.07,,,,,,2017-10-26
KOTA TPS,4,,210.0,4.23,4.07,792.98,547.02,,,,,,2017-10-26
KOTA TPS,5,,210.0,4.23,4.62,792.98,510.78,,,,,,2017-10-26
KOTA TPS,6,,195.0,3.94,4.54,739.44,696.24,,,,,,2017-10-26
KOTA TPS,7,,195.0,3.77,4.65,709.02,795.70,,,,,,2017-10-26
SURATGARH TPS,1,S,250.0,2.68,0.00,558.68,644.20,,250.0,23/10/2017 12:53,,FURNACE DRAFT ABNORMAL,2017-10-26
SURATGARH TPS,2,L,250.0,2.68,0.00,558.68,459.99,,250.0,09/10/2017 13:03,,COAL SHORTAGE,2017-10-26
SURATGARH TPS,3,L,250.0,2.68,0.00,502.68,234.32,,250.0,10/09/2017 22:15,,COAL SHORTAGE,2017-10-26
SURATGARH TPS,4,L,250.0,2.68,0.00,558.68,361.45,,250.0,19/10/2017 20:35,,RSD/LOW SCHEDULE,2017-10-26
SURATGARH TPS,5,,250.0,2.68,5.08,558.68,295.56,,,,,,2017-10-26
SURATGARH TPS,6,L,250.0,2.68,0.00,558.68,80.78,,250.0,11/09/2017 00:10,,COAL SHORTAGE,2017-10-26
SURATGARH TPS,7,,0.0,4.10,0.00,856.60,0.00,,,,,unit not yet commissioned,2017-10-26
SURATGARH TPS,8,,0.0,0.00,0.00,0.00,0.00,,,,,unit not yet commissioned,2017-10-26
DHOLPUR CCPP,,,330.00,0.57,2.51,113.82,119.58,330.0,,,,,2017-10-26
RAMGARH CCPP,,,273.80,4.13,3.59,860.38,858.52,88.5,,,,,2017-10-26
JAWAHAR SAGAR  HPS,,,99.00,1.06,1.47,48.56,53.44,,,,,,2017-10-26
MAHI BAJAJ  HPS,,,140.00,0.00,0.00,35.00,69.59,140.0,,,,,2017-10-26
R P SAGAR  HPS,,,172.00,1.13,2.62,59.38,60.28,,,,,,2017-10-26
JALIPA KAPURDI TPP,1,,135.00,2.52,2.83,475.52,500.51,,,,,,2017-10-26
JALIPA KAPURDI TPP,2,,135.00,2.48,3.06,500.48,445.29,,,,,,2017-10-26
JALIPA KAPURDI TPP,3,,135.00,2.48,3.09,500.48,437.25,,,,,,2017-10-26
JALIPA KAPURDI TPP,4,,135.00,2.48,3.09,500.48,426.33,,,,,,2017-10-26
JALIPA KAPURDI TPP,5,,135.00,2.61,3.09,460.86,452.47,,,,,,2017-10-26
JALIPA KAPURDI TPP,6,,135.00,2.68,3.09,519.68,486.61,,,,,,2017-10-26
JALIPA KAPURDI TPP,7,S,135.00,2.48,0.00,500.48,504.12,,135.0,20/10/2017 23:00,,BOILER MISC. PROBLEM,2017-10-26
JALIPA KAPURDI TPP,8,,135.00,0.00,3.08,493.04,479.69,,,,,,2017-10-26
KAWAI TPS,1,L,660.00,11.77,0.00,2166.02,1808.52,,660.0,23/09/2017 05:45,"05/11/201700.00.00",COAL SHORTAGE,2017-10-26
KAWAI TPS,2,,660.00,11.19,15.44,2249.94,1938.87,,,,,,2017-10-26
BARSINGSAR LIGNITE,1,,125.00,2.23,3.02,399.98,460.31,,,,,,2017-10-26
BARSINGSAR LIGNITE,2,,125.00,2.23,2.89,398.98,439.88,,,,,,2017-10-26
ANTA CCPP,,,419.33,1.73,0.00,333.98,338.53,419.33,,,,,2017-10-26
DAE (RAJASTHAN),1,L,100.00,0.00,0.00,0.00,0.00,,100.0,09/10/2004 22:58,,GENERATOR EARTH FAULT,2017-10-26
RAJASTHAN  A.P.S.,,,1080.00,17.35,26.00,4450.10,5100.37,,,,,,2017-10-26
RAJASTHAN  A.P.S.,2,,200.00,3.84,4.50,801.84,818.55,,,,,,2017-10-26
RAJASTHAN  A.P.S.,3,,220.0,4.48,5.14,938.48,1063.83,,,,,,2017-10-26
RAJASTHAN  A.P.S.,4,,220.0,0.00,5.41,822.00,1095.03,,,,,,2017-10-26
RAJASTHAN  A.P.S.,5,,220.0,5.03,5.52,1051.78,1146.27,,,,,,2017-10-26
RAJASTHAN  A.P.S.,6,,220.0,4.00,5.43,836.00,976.69,,,,,,2017-10-26
CHIBRO (YAMUNA)  HPS,,,240.0,1.97,1.89,628.22,626.61,,,,,,2017-10-26
CHILLA  HPS,,,144.0,2.52,2.26,466.52,555.46,,,,,,2017-10-26
DHAKRANI  HPS,,,33.75,0.39,0.32,100.14,99.42,,,,,,2017-10-26
DHALIPUR  HPS,,,51.0,0.61,0.52,130.86,142.64,,,,,,2017-10-26
KHATIMA  HPS,,,41.4,0.97,0.67,170.22,153.76,,,,,,2017-10-26
KHODRI  HPS,,,120.0,0.94,0.86,286.44,281.92,,,,,,2017-10-26
KULHAL  HPS,,,30.0,0.42,0.36,99.92,88.96,,,,,,2017-10-26
MANERI BHALI - I  HPS,,,90.0,1.48,1.80,243.48,263.23,,,,,,2017-10-26
MANERI BHALI - II  HPS,,,304.0,3.45,3.02,1100.70,1027.97,,,,,,2017-10-26
RAMGANGA  HPS,,,198.0,0.55,0.00,139.30,48.42,,,,,,2017-10-26
BETA CCPP,,,0.0,0.0,0.00,0.00,0.00,,,,,,2017-10-26
GAMA CCPP,,,225.0,1.1,2.43,229.60,417.44,,,,,,2017-10-26
KASHIPUR CCPP,,,225.0,1.1,4.70,229.60,817.38,,,,,,2017-10-26
SRINAGAR HPS,,,330.0,3.23,3.03,1097.98,1153.53,,,,,,2017-10-26
VISHNU PRAYAG  HPS,,,400.0,5.03,4.97,1458.78,1811.42,,,,,,2017-10-26
DHAULI GANGA  HPS,,,280.0,3.55,2.31,902.30,979.55,,,,,,2017-10-26
KOTESHWAR HPS,,,400.0,1.55,2.27,703.30,776.04,,,,,,2017-10-26
TANAKPUR  HPS,,,94.2,1.68,1.34,330.68,353.48,31.40,,,,,2017-10-26
TEHRI ST-1  HPS,,,1000.00,4.55,6.95,1617.30,1899.37,,,,,,2017-10-26
ANPARA TPS,1,,210.0,4.03,4.43,775.78,882.48,,,,,,2017-10-26
ANPARA TPS,2,L,210.0,4.19,0.00,750.94,455.50,,210.0,21/08/2017 00:00,,STATOR/ STATOR EARTH FAULT,2017-10-26
ANPARA TPS,3,,210.0,4.03,4.52,775.78,886.34,,,,,,2017-10-26
ANPARA TPS,4,,500.0,0.00,12.23,2255.04,2126.24,,,,,,2017-10-26
ANPARA TPS,5,,500.0,10.29,10.33,2151.54,1593.25,,,,,,2017-10-26
ANPARA TPS,6,,500.0,10.31,11.41,1966.48,2181.98,,,,,,2017-10-26
ANPARA TPS,7,S,500.0,9.77,0.00,2042.02,1490.19,,500.0,17/10/2017 12:14,,TURBINE VIBRATIONS HIGH,2017-10-26
HARDUAGANJ TPS,,,605.00,12.32,8.49,2368.32,2307.76,2,105.00,,,,2017-10-26
HARDUAGANJ TPS,5,L,0.0,0.00,0.00,0.00,0.00,,0.0,07/02/2015 20:40,"21/04/201800.00.00","VINTAGE UNIT WITHDRAWN ANDCLOSED FOR OPERATION",2017-10-26
HARDUAGANJ TPS,7,S,105.0,1.48,0.00,266.48,200.97,,105.0,24/10/2017 01:40,,RSD/LOW SCHEDULE,2017-10-26
HARDUAGANJ TPS,8,,250.0,5.52,4.24,988.52,1034.37,,,,,,2017-10-26
HARDUAGANJ TPS,9,,250.0,5.32,4.25,1113.32,1072.42,,,,,,2017-10-26
OBRA TPS,1,L,0.0,0.00,0.00,0.00,0.00,,0.0,06/08/2016 13:17,"04/05/201800.00.00",WATER WALL TUBE LEAKAGE,2017-10-26
OBRA TPS,2,L,0.0,0.00,0.00,0.00,54.04,,0.0,01/07/2017 00:50,,Other Commercial Reason,2017-10-26
OBRA TPS,7,P,94.0,0.00,0.00,0.00,0.00,,94.0,26/06/2010 13:25,"06/05/201800.00.00","R AND M / REFURBISHMENTWORKS",2017-10-26
OBRA TPS,8,L,94.0,0.00,0.00,0.00,0.00,,94.0,21/06/2011 17:15,,"VINTAGE UNIT WITHDRAWN ANDCLOSED FOR OPERATION",2017-10-26
OBRA TPS,9,,200.0,3.35,4.46,702.10,751.78,,,,,,2017-10-26
OBRA TPS,10,L,200.0,3.35,0.00,702.10,595.10,,200.0,31/08/2017 07:35,,"GENERATOR PROTECTION RELAYOPERATION PROBLEM",2017-10-26
OBRA TPS,11,,200.0,0.00,4.57,0.00,697.53,,,,,,2017-10-26
OBRA TPS,12,P,200.0,0.00,0.00,0.00,0.00,,200.0,01/10/2016 14:01,"01/10/201800.00.00","R AND M / REFURBISHMENTWORKS",2017-10-26
OBRA TPS,13,,200.0,3.19,3.29,667.94,458.34,,,,,,2017-10-26
PANKI TPS,,,210.00,2.78,0.00,570.28,338.67,4,210.00,,,,2017-10-26
PANKI TPS,3,S,105.0,1.39,0.00,285.14,148.14,,105.0,24/10/2017 17:50,,COAL SHORTAGE,2017-10-26
PANKI TPS,4,S,105.0,1.39,0.00,285.14,190.53,,105.0,22/10/2017 21:23,,I.D. FANS PROBLEM,2017-10-26
PARICHHA TPS,1,L,110.0,0.00,0.00,0.00,0.00,,110.0,07/07/2016 17:59,"23/04/201800.00.00",FURNACE DRAFT ABNORMAL,2017-10-26
PARICHHA TPS,2,S,110.0,2.06,0.00,394.56,218.61,,110.0,21/10/2017 23:55,,BOILER MISC. PROBLEM,2017-10-26
PARICHHA TPS,3,,210.0,4.32,3.65,904.32,830.73,,,,,,2017-10-26
PARICHHA TPS,4,,210.0,4.45,3.53,928.70,836.40,,,,,,2017-10-26
PARICHHA TPS,5,,250.0,5.42,4.22,1133.92,963.20,,,,,,2017-10-26
PARICHHA TPS,6,,250.0,5.13,4.20,1072.38,1004.63,,,,,,2017-10-26
KHARA  HPS,,,72.00,0.97,0.64,233.22,187.32,,,,,,2017-10-26
MATATILA  HPS,,,30.60,0.45,0.67,49.70,29.51,,,,,,2017-10-26
OBRA  HPS,,,99.00,0.81,0.59,132.06,189.34,33.00,,,,,2017-10-26
RIHAND  HPS,,,300.00,2.26,2.13,365.76,554.15,50.00,,,,,2017-10-26
ANPARA C TPS,1,,600.0,10.97,13.99,2292.22,2231.81,,,,,,2017-10-26
ANPARA C TPS,2,,600.0,11.61,14.00,2428.86,2453.23,,,,,,2017-10-26
BARKHERA TPS,1,P,45.0,0.65,0.00,134.90,66.62,,45.0,26/06/2017 20:55,"29/06/201800.00.00","PREPARATION FOR P.G. TEST OfNEW COAL/LIGNITE BASED UNITS",2017-10-26
BARKHERA TPS,2,L,45.0,0.65,0.00,134.90,64.36,,45.0,23/06/2017 20:29,"25/06/201800.00.00",TURBINE MISC.,2017-10-26
KHAMBARKHERA TPS,1,L,45.0,0.65,0.00,134.90,69.44,,45.0,02/07/2017 08:46,"05/07/201800.00.00",RSD/LOW SCHEDULE,2017-10-26
KHAMBARKHERA TPS,2,L,45.0,0.65,0.00,134.90,67.61,,45.0,02/07/2017 09:00,"05/07/201800.00.00",RSD/LOW SCHEDULE,2017-10-26
KUNDARKI TPS,1,L,45.0,0.65,0.00,134.90,64.60,,45.0,05/07/2017 13:56,"15/07/201800.00.00",RSD/LOW SCHEDULE,2017-10-26
KUNDARKI TPS,2,L,45.0,0.65,0.00,134.90,69.67,,45.0,03/07/2017 02:00,"05/07/201800.00.00",RSD/LOW SCHEDULE,2017-10-26
LALITPUR TPS,1,S,660.0,9.94,0.00,2076.44,1666.88,,660.0,21/10/2017 03:28,,WATER WALL TUBE LEAKAGE,2017-10-26
LALITPUR TPS,2,,660.0,9.39,13.64,1963.14,2212.20,,,,,,2017-10-26
LALITPUR TPS,3,,660.0,3.13,13.72,654.38,1551.64,,,,,,2017-10-26
MAQSOODPUR TPS,1,L,45.0,0.65,0.00,134.90,53.29,,45.0,05/07/2017 13:30,"10/07/201800.00.00",RSD/LOW SCHEDULE,2017-10-26
MAQSOODPUR TPS,2,L,45.0,0.65,0.00,134.90,73.12,,45.0,02/07/2017 08:32,"02/07/201800.00.00",RSD/LOW SCHEDULE,2017-10-26
PRAYAGRAJ TPP,1,S,660.0,6.16,4.55,1288.16,2039.83,,,26/10/2017 17:51,,WATER WALL TUBE LEAKAGE,2017-10-26
PRAYAGRAJ TPP,2,,660.0,6.16,13.41,1288.16,667.55,,,,,,2017-10-26
PRAYAGRAJ TPP,3,S,660.0,0.00,0.00,0.00,499.61,,660.0,16/10/2017 02:43,"27/10/201700.00.00",COAL SHORTAGE,2017-10-26
ROSA TPP Ph-I,1,,300.0,4.94,5.47,1031.44,1127.68,,,,,,2017-10-26
ROSA TPP Ph-I,2,,300.0,5.94,5.74,1240.44,1267.65,,,,,,2017-10-26
ROSA TPP Ph-I,3,,300.0,5.26,5.42,1096.76,1227.06,,,,,,2017-10-26
ROSA TPP Ph-I,4,,300.0,4.94,5.18,1031.44,1049.29,,,,,,2017-10-26
UTRAULA TPS,1,L,45.0,0.65,0.00,134.90,72.51,,45.0,03/07/2017 02:15,"05/07/201800.00.00",RSD/LOW SCHEDULE,2017-10-26
UTRAULA TPS,2,L,45.0,0.65,0.00,134.90,72.73,,45.0,03/07/2017 02:15,"03/07/201800.00.00",RSD/LOW SCHEDULE,2017-10-26
DADRI (NCTPP),1,,210.0,3.23,2.86,661.98,639.51,,,,,,2017-10-26
DADRI (NCTPP),2,,210.0,3.23,3.21,674.98,475.85,,,,,,2017-10-26
DADRI (NCTPP),3,S,210.0,3.04,2.97,624.92,633.14,,210.0,26/10/2017 23:35,,RSD/LOW SCHEDULE,2017-10-26
DADRI (NCTPP),4,,210.0,3.23,3.07,594.98,609.03,,,,,,2017-10-26
DADRI (NCTPP),5,,490.0,7.32,8.17,1509.32,1684.16,,,,,,2017-10-26
DADRI (NCTPP),6,,490.0,7.65,7.32,1459.90,1646.41,,,,,,2017-10-26
MEJA STPP,1,,0.0,0.00,0.00,0.00,0.00,,,,,unit not yet commissioned,2017-10-26
MEJA STPP,2,,0.0,0.00,0.00,0.00,0.00,,,,,unit not yet commissioned,2017-10-26
RIHAND STPS,1,,500.0,11.13,11.80,1914.38,2380.02,,,,,,2017-10-26
RIHAND STPS,2,,500.0,10.00,11.90,2090.00,2084.12,,,,,,2017-10-26
RIHAND STPS,3,,500.00,11.03,12.03,2261.78,2248.74,,,,,,2017-10-26
RIHAND STPS,4,,500.00,10.00,12.09,2090.00,1899.24,,,,,,2017-10-26
RIHAND STPS,5,,500.00,10.00,11.80,2090.00,2351.07,,,,,,2017-10-26
RIHAND STPS,6,,500.00,10.90,12.30,1951.40,1994.94,,,,,,2017-10-26
SINGRAULI STPS,1,,200.00,3.94,4.15,822.44,655.77,,,,,,2017-10-26
SINGRAULI STPS,2,,200.00,4.26,4.94,768.76,949.98,,,,,,2017-10-26
SINGRAULI STPS,3,,200.00,4.35,4.58,756.10,940.12,,,,,,2017-10-26
SINGRAULI STPS,4,,200.00,3.94,4.06,822.44,820.21,,,,,,2017-10-26
SINGRAULI STPS,5,,200.00,3.94,3.59,822.44,798.76,,,,,,2017-10-26
SINGRAULI STPS,6,,500.00,10.93,12.08,2285.18,2255.13,,,,,,2017-10-26
SINGRAULI STPS,7,,500.00,11.12,11.90,1931.44,2337.24,,,,,,2017-10-26
TANDA TPS,1,,110.00,2.35,1.94,408.10,386.48,,,,,,2017-10-26
TANDA TPS,2,,110.00,2.13,2.00,445.38,508.31,,,,,,2017-10-26
TANDA TPS,3,,110.00,2.29,1.97,419.54,450.05,,,,,,2017-10-26
TANDA TPS,4,,110.00,2.13,1.95,445.38,516.41,,,,,,2017-10-26
UNCHAHAR TPS,1,P,210.00,3.94,0.00,724.28,824.20,,210.0,25/10/2017 22:53,,"BOILER OVERHAUL/ ANNUALMAINTENANCE",2017-10-26
UNCHAHAR TPS,2,,210.00,3.68,3.10,767.68,701.29,,,,,,2017-10-26
UNCHAHAR TPS,3,,210.00,3.68,3.69,767.68,779.40,,,,,,2017-10-26
UNCHAHAR TPS,4,,210.00,3.94,2.43,724.44,792.64,,,,,,2017-10-26
UNCHAHAR TPS,5,,210.00,3.94,3.45,724.44,777.58,,,,,,2017-10-26
UNCHAHAR TPS,6,,500.00,0.00,8.69,0.00,317.82,,,,,,2017-10-26
AURAIYA CCPP,,,663.36,2.14,0.00,454.64,298.83,663.36,,,,,2017-10-26
DADRI CCPP,,,829.78,6.00,3.56,1254.00,1126.12,439.21,,,,,2017-10-26
NARORA  A.P.S.,1,,220.00,4.48,5.21,938.48,1004.06,,,,,,2017-10-26
NARORA  A.P.S.,2,,220.00,3.97,5.34,835.22,972.57,,,,,,2017-10-26
DSPM TPS,1,,250.00,5.29,5.98,1106.54,1163.08,,,,,,2017-10-26
DSPM TPS,2,,250.00,5.23,6.00,1092.98,1097.39,,,,,,2017-10-26
KORBA-II,1,L,50.00,0.71,0.00,136.46,13.10,,50.0,05/07/2017 21:46,,WATER WALL TUBE LEAKAGE,2017-10-26
KORBA-II,2,S,50.00,0.68,0.00,143.68,74.30,,50.0,23/10/2017 20:53,,"MILLING SYSTEM /RC FEEDERPROBLEM",2017-10-26
KORBA-II,3,,50.00,0.71,0.78,137.46,136.08,,,,,,2017-10-26
KORBA-II,4,,50.00,0.71,0.79,136.46,116.11,,,,,,2017-10-26
KORBA-III,1,,120.00,2.03,1.95,381.78,324.56,,,,,,2017-10-26
KORBA-III,2,,120.00,1.90,1.92,400.40,365.85,,,,,,2017-10-26
KORBA-WEST TPS,1,,210.00,4.10,3.90,758.60,801.91,,,,,,2017-10-26
KORBA-WEST TPS,2,,210.00,3.84,3.35,801.84,664.63,,,,,,2017-10-26
KORBA-WEST TPS,3,,210.00,3.84,3.87,801.84,839.76,,,,,,2017-10-26
KORBA-WEST TPS,4,P,210.00,4.32,0.00,726.32,787.03,,210.0,23/10/2017 23:28,,"BOILER OVERHAUL/ ANNUALMAINTENANCE",2017-10-26
KORBA-WEST TPS,5,,500.00,9.32,9.73,1946.32,2295.70,,,,,,2017-10-26
MARWA TPS,1,,500.00,2.74,6.96,572.24,1398.44,,,,,,2017-10-26
MARWA TPS,2,S,500.00,8.23,0.00,1719.98,1596.30,,500.0,20/10/2017 22:30,,TURBINE MISC. PROBLEMS,2017-10-26
HASDEOBANGO  HPS,,,120.00,1.29,0.28,193.54,184.69,,,,,,2017-10-26
AKALTARA TPS,1,,0.00,0.00,0.00,0.00,0.00,,,,,unit not yet commissioned,2017-10-26
AKALTARA TPS,2,,0.00,0.00,0.00,0.00,0.00,,,,,unit not yet commissioned,2017-10-26
AKALTARA TPS,3,,600.00,8.23,10.76,1719.98,1892.37,,,,,,2017-10-26
AKALTARA TPS,4,,600.0,8.23,10.76,1719.98,1888.46,,,,,,2017-10-26
AVANTHA BHANDAR,1,L,600.0,6.84,0.00,1428.84,572.13,,600.0,22/05/2017 22:12,"15/12/201700.00.00",STATOR/ STATOR EARTH FAULT,2017-10-26
BALCO TPS,1,S,300.0,4.10,2.21,856.60,609.63,,300.0,26/10/2017 11:02,,BOILER MISC. PROBLEM,2017-10-26
BALCO TPS,2,S,300.0,4.10,0.00,856.60,810.87,,300.0,21/10/2017 02:03,,"ASH HANDLING SYSTEMPROBLEM",2017-10-26
BANDAKHAR TPP,1,,300.0,4.10,7.28,856.60,1145.68,,,,,,2017-10-26
BARADARHA TPS,1,,600.0,8.90,13.78,1860.40,1744.10,,,,,,2017-10-26
BARADARHA TPS,2,P,600.0,8.90,0.00,1860.40,2000.01,,600.0,27/09/2017 15:43,,"BOILER OVERHAUL/ ANNUALMAINTENANCE",2017-10-26
BINJKOTE TPP,1,L,300.0,0.00,0.00,0.00,30.32,,300.0,12/07/2017 20:17,,NON STABLISED UNIT,2017-10-26
BINJKOTE TPP,2,,0.0,0.00,0.00,0.00,0.00,,,,,unit not yet commissioned,2017-10-26
CHAKABURA TPP,1,,0.0,0.00,0.00,0.00,0.00,,,,,unit not yet commissioned,2017-10-26
CHAKABURA TPP,2,,30.0,0.55,0.72,113.30,131.61,,,,,,2017-10-26
KASAIPALLI TPP,1,,135.0,2.45,3.31,513.70,579.61,,,,,,2017-10-26
KASAIPALLI TPP,2,,135.0,2.65,3.29,551.90,517.09,,,,,,2017-10-26
KATGHORA TPP,1,L,35.0,0.00,0.00,0.00,0.00,,35.0,15/10/2012 00:28,,NO Power purchase agreement,2017-10-26
NAWAPARA TPP,1,,300.0,4.10,5.68,856.60,625.22,,,,,,2017-10-26
NAWAPARA TPP,2,,300.0,0.00,6.04,0.00,336.95,,,,,,2017-10-26
OP JINDAL TPS,1,L,250.0,2.97,0.00,626.22,432.67,,250.0,25/06/2017 00:05,,"RESERVE SHUT DOWN / STANDBYUNIT",2017-10-26
OP JINDAL TPS,2,L,250.0,3.65,0.00,698.90,816.74,,250.0,01/10/2017 00:00,,COAL SHORTAGE,2017-10-26
OP JINDAL TPS,3,,250.0,3.00,5.79,627.00,1132.88,,,,,,2017-10-26
OP JINDAL TPS,4,L,250.0,2.74,0.00,490.24,800.97,,250.0,24/09/2017 00:00,,COAL SHORTAGE,2017-10-26
PATHADI STAGE II,1,,0.0,0.00,0.00,0.00,0.00,,,,,unit not yet commissioned,2017-10-26
PATHADI TPP,1,,300.0,4.94,4.63,1031.44,982.38,,,,,,2017-10-26
PATHADI TPP,2,,300.0,4.94,7.27,1031.44,1382.04,,,,,,2017-10-26
RAIKHEDA TPP,1,L,685.0,2.19,0.00,458.94,368.38,,685.0,22/07/2017 01:56,,RSD/LOW SCHEDULE,2017-10-26
RAIKHEDA TPP,2,S,685.0,2.19,0.00,458.94,127.97,,685.0,15/10/2017 14:15,,RSD/LOW SCHEDULE,2017-10-26
RATIJA TPS,1,,50.0,0.81,1.18,171.06,199.30,,,,,,2017-10-26
RATIJA TPS,2,,50.0,0.29,1.23,55.54,236.64,,,,,,2017-10-26
SALORA TPP,1,L,135.0,0.00,0.00,0.00,0.00,,135.0,19/10/2014 04:30,,NO Power purchase agreement,2017-10-26
SALORA TPP,2,,0.0,0.00,0.00,0.00,0.00,,,,,unit not yet commissioned,2017-10-26
SINGHITARAI TPP,1,,0.0,0.00,0.00,0.00,0.00,,,,,unit not yet commissioned,2017-10-26
SINGHITARAI TPP,2,,0.0,0.00,0.00,0.00,0.00,,,,,unit not yet commissioned,2017-10-26
SVPL TPP,1,L,63.0,0.87,0.00,163.62,27.13,,63.0,28/05/2017 12:43,"28/12/201700.00.00","TURBINE ROTORFAILURE/DAMAGED",2017-10-26
SWASTIK KORBA TPP,1,L,25.0,0.00,0.00,0.00,0.00,,25.0,01/04/2015 00:20,,NO Power purchase agreement,2017-10-26
TAMNAR TPP,1,L,600.0,4.10,0.00,856.60,0.00,,600.0,17/06/2016 09:54,,RSD/LOW SCHEDULE,2017-10-26
TAMNAR TPP,2,,600.0,4.10,11.90,856.60,887.75,,600.0,,,,2017-10-26
TAMNAR TPP,3,,600.0,4.10,11.70,856.60,2093.11,,,,,,2017-10-26
TAMNAR TPP,4,L,600.0,0.00,0.00,0.00,200.04,,600.0,24/06/2017 16:13,,"ELECTRICAL MISCELLANEOUSPROBLEMS",2017-10-26
UCHPINDA TPP,1,,360.0,2.52,5.96,523.52,754.35,,,,,,2017-10-26
UCHPINDA TPP,2,L,360.0,2.55,0.00,523.30,121.54,,360.0,16/07/2017 11:54,,"GEN. TRANSFORMER TRIPPING/DAMAGED",2017-10-26
UCHPINDA TPP,3,L,360.0,0.00,0.00,0.00,0.89,,360.0,12/09/2017 08:43,,NON STABLISED UNIT,2017-10-26
UCHPINDA TPP,4,,0.00,0.00,0.00,0.00,0.00,,,,,unit not yet commissioned,2017-10-26
BHILAI TPS,1,,250.00,5.13,6.07,1072.38,1128.56,,,,,,2017-10-26
BHILAI TPS,2,P,250.00,5.13,0.00,1072.38,1016.81,,250.0,04/10/2017 03:10,"28/10/201700.00.00","BOILER OVERHAUL/ ANNUALMAINTENANCE",2017-10-26
KORBA STPS,1,,200.00,4.48,4.03,805.56,701.03,,,,,,2017-10-26
KORBA STPS,2,,200.00,4.45,4.37,806.70,975.04,,,,,,2017-10-26
KORBA STPS,3,,200.00,4.13,4.41,863.38,947.24,,,,,,2017-10-26
KORBA STPS,4,S,500.00,10.32,4.02,2155.32,2349.97,,500.0,26/10/2017 12:00,,WATER WALL TUBE LEAKAGE,2017-10-26
KORBA STPS,5,,500.00,11.19,9.55,2014.94,2339.35,,,,,,2017-10-26
KORBA STPS,6,,500.00,10.42,10.17,2136.92,2397.05,,,,,,2017-10-26
KORBA STPS,7,,500.00,11.06,12.00,2036.56,2167.16,,,,,,2017-10-26
LARA TPP,1,,0.00,0.00,0.00,0.00,0.00,,,,,unit not yet commissioned,2017-10-26
LARA TPP,2,,0.00,0.00,0.00,0.00,0.00,,,,,unit not yet commissioned,2017-10-26
SIPAT STPS,1,,660.00,14.58,15.98,2609.08,2629.36,,,,,,2017-10-26
SIPAT STPS,2,,660.00,13.39,16.08,2796.14,3170.32,,,,,,2017-10-26
SIPAT STPS,3,P,660.00,13.39,0.00,2796.14,3197.54,,660.0,25/10/2017 08:32,,"BOILER OVERHAUL/ ANNUALMAINTENANCE",2017-10-26
SIPAT STPS,4,,500.00,10.06,12.14,2103.56,2376.66,,,,,,2017-10-26
SIPAT STPS,5,,500.00,10.81,12.18,1988.06,2384.19,,,,,,2017-10-26
AKRIMOTA LIG TPS,1,,125.00,2.23,1.80,393.98,317.82,,,,,,2017-10-26
AKRIMOTA LIG TPS,2,,125.00,2.23,1.80,459.98,374.03,,,,,,2017-10-26
BHAVNAGAR CFBC TPP,1,,250.00,0.55,3.18,113.30,212.64,,,,,,2017-10-26
BHAVNAGAR CFBC TPP,2,L,250.00,0.00,0.00,0.00,18.70,,250.0,22/08/2017 16:34,,PIPES and VALVES BOILER SIDE,2017-10-26
GANDHI NAGAR TPS,,,630.00,6.33,13.66,1180.58,1857.39,10,,,,,2017-10-26
GANDHI NAGAR TPS,3,,210.00,2.10,4.39,438.60,583.26,,,,,,2017-10-26
GANDHI NAGAR TPS,4,,210.00,2.13,4.37,366.38,539.86,,,,,,2017-10-26
GANDHI NAGAR TPS,5,,210.00,2.10,4.90,375.60,734.27,,,,,,2017-10-26
KUTCH LIG. TPS,1,,70.00,1.16,1.42,218.16,208.44,,,,,,2017-10-26
KUTCH LIG. TPS,2,,70.00,1.16,1.44,243.16,214.92,,,,,,2017-10-26
KUTCH LIG. TPS,3,,75.00,1.16,1.44,243.16,195.63,,,,,,2017-10-26
KUTCH LIG. TPS,4,,75.00,1.16,1.27,219.16,140.36,,,,,,2017-10-26
SIKKA REP. TPS,1,L,0.00,0.00,0.00,0.00,0.00,,0.0,26/09/2016 18:00,,RSD/LOW SCHEDULE,2017-10-26
SIKKA REP. TPS,2,L,0.00,0.00,0.00,0.00,0.00,,0.0,24/09/2016 13:05,,"ASH HANDLING SYSTEMPROBLEM",2017-10-26
SIKKA REP. TPS,3,,250.00,2.90,5.12,545.40,688.98,,,,,,2017-10-26
SIKKA REP. TPS,4,,250.00,2.90,5.26,545.40,689.14,,,,,,2017-10-26
UKAI TPS,1,L,0.00,0.00,0.00,0.00,0.00,,0.0,07/05/2016 03:18,,EXCITATION PROBLEM,2017-10-26
UKAI TPS,2,L,0.00,0.00,0.00,0.00,0.00,,0.0,12/07/2016 20:00,,"RESERVE SHUT DOWN / STANDBYUNIT",2017-10-26
UKAI TPS,3,,200.00,2.03,4.21,382.78,658.98,,,,,,2017-10-26
UKAI TPS,4,,200.00,2.03,4.30,424.78,460.32,,,,,,2017-10-26
UKAI TPS,5,,210.00,1.90,4.45,400.40,709.31,,,,,,2017-10-26
UKAI TPS,6,,500.00,8.65,11.79,1549.90,1404.86,,,,,,2017-10-26
WANAKBORI TPS,1,,210.00,1.55,4.65,328.30,438.46,,,,,,2017-10-26
WANAKBORI TPS,2,,210.00,1.65,4.46,345.90,463.73,,,,,,2017-10-26
WANAKBORI TPS,3,P,210.00,2.16,0.00,235.16,332.07,,210.0,25/07/2017 00:00,,"BOILER OVERHAUL/ ANNUALMAINTENANCE",2017-10-26
WANAKBORI TPS,4,,210.00,1.55,4.71,328.30,549.20,,,,,,2017-10-26
WANAKBORI TPS,5,,210.00,1.65,4.77,311.90,503.30,,,,,,2017-10-26
WANAKBORI TPS,6,,210.00,1.65,4.21,310.90,480.33,,,,,,2017-10-26
WANAKBORI TPS,7,,210.00,1.55,4.94,328.30,738.47,,,,,,2017-10-26
DHUVARAN CCPP,,,594.72,0.85,1.80,172.10,320.71,,,,,,2017-10-26
HAZIRA CCPP,,,156.10,0.39,0.00,64.14,1.06,,,,,,2017-10-26
HAZIRA CCPP EXT,,,351.00,0.61,6.23,126.86,150.09,351.0,,,,,2017-10-26
PIPAVAV CCPP,,,702.00,1.36,0.00,287.36,135.46,702.0,,,,,2017-10-26
UTRAN CCPP,,,374.00,0.50,0.40,121.00,159.45,374.0,,,,,2017-10-26
KADANA  HPS,,,240.00,1.29,0.42,185.54,214.15,180.0,,,,,2017-10-26
S SAROVAR CHPH  HPS,,,250.00,2.77,3.12,375.02,292.88,,,,,,2017-10-26
S SAROVAR RBPH  HPS,,,1200.00,13.55,0.00,3118.30,376.61,,,,,,2017-10-26
UKAI  HPS,,,300.00,1.71,0.00,379.46,187.56,,,,,,2017-10-26
MUNDRA TPS,1,L,330.00,5.90,0.00,1233.40,1045.95,,330.0,15/10/2017 23:25,,"CONDENSER TUBE LEAKAGE/CLEANING",2017-10-26
MUNDRA TPS,2,,330.00,5.48,7.89,1144.48,1363.49,,,,,,2017-10-26
MUNDRA TPS,3,,330.00,5.74,7.49,1202.24,971.55,,,,,,2017-10-26
MUNDRA TPS,4,,330.00,5.74,7.84,1202.24,1057.17,,,,,,2017-10-26
MUNDRA TPS,5,,660.00,11.77,15.73,2460.02,2042.68,,,,,,2017-10-26
MUNDRA TPS,6,S,660.00,13.71,0.00,2209.46,1740.93,,660.0,20/10/2017 20:20,"27/10/201700.00.00",TURBINE BEARING PROBLEM,2017-10-26
MUNDRA TPS,7,,660.00,11.77,15.73,2460.02,2082.19,,,,,,2017-10-26
MUNDRA TPS,8,S,660.00,12.94,0.00,2703.44,2038.18,,660.0,21/10/2017 08:00,,"CONDENSER TUBE LEAKAGE/CLEANING",2017-10-26
MUNDRA TPS,9,,660.00,11.90,15.83,2490.40,2805.13,,,,,,2017-10-26
MUNDRA UMTPP,1,*,800.00,0.00,0.00,2004.02,2487.98,,800.0,21/10/2017 19:48,"26/10/201721.36.00","RESERVE SHUT DOWN / STANDBYUNIT",2017-10-26
MUNDRA UMTPP,2,,800.00,10.81,16.56,3512.06,3599.23,,,,,,2017-10-26
MUNDRA UMTPP,3,,800.00,16.23,18.08,3145.98,2767.55,,,,,,2017-10-26
MUNDRA UMTPP,4,,800.00,13.26,16.79,2493.76,2633.72,,,,,,2017-10-26
MUNDRA UMTPP,5,,800.00,21.81,13.72,4557.06,2717.38,,,,,,2017-10-26
SABARMATI (C STATION),,,60.00,0.0,0.00,0.00,0.01,4,60.00,,,,2017-10-26
SABARMATI (C STATION),15,L,30.0,0.00,0.00,0.00,0.00,,30.0,05/05/2017 17:55,,RSD/LOW SCHEDULE,2017-10-26
SABARMATI (C STATION),16,L,30.0,0.00,0.00,0.00,0.01,,30.0,05/05/2017 17:45,,RSD/LOW SCHEDULE,2017-10-26
SABARMATI (D-F STATIONS),1,L,120.0,2.16,0.00,452.16,487.15,,120.0,19/10/2017 00:02,,RSD/LOW SCHEDULE,2017-10-26
SABARMATI (D-F STATIONS),2,,121.0,2.26,2.51,472.76,543.58,,,,,,2017-10-26
SABARMATI (D-F STATIONS),3,,121.0,0.00,2.65,461.04,539.84,,,,,,2017-10-26
SALAYA TPP,1,,600.0,7.68,11.16,1603.68,1604.20,,,,,,2017-10-26
SALAYA TPP,2,S,600.0,7.68,0.00,1603.68,899.53,,600.0,24/10/2017 20:25,,COAL SHORTAGE,2017-10-26
SURAT LIG. TPS,1,,125.0,2.55,0.26,483.30,468.18,,,,,,2017-10-26
SURAT LIG. TPS,2,S,125.0,2.55,0.00,457.30,358.76,,125.0,22/10/2017 11:30,"26/10/201700.00.00",LIGNITE SHORTAGE,2017-10-26
SURAT LIG. TPS,3,,125.0,2.61,2.87,489.86,445.13,,,,,,2017-10-26
SURAT LIG. TPS,4,,125.0,2.61,2.34,489.86,482.49,,,,,,2017-10-26
BARODA CCPP,,,160.00,0.58,0.00,123.08,8.47,160.00,,,,,2017-10-26
DGEN MEGA CCPP,,,1200.00,0.0,0.00,0.00,0.00,1200.00,,,,,2017-10-26
ESSAR CCPP,,,515.00,0.0,0.00,0.00,0.00,515.00,,,,,2017-10-26
GIPCL. GT IMP,,,0.00,0.55,0.65,98.30,112.98,,,,,,2017-10-26
PEGUTHAN CCPP,,,655.00,0.8,1.86,170.80,271.74,,,,,,2017-10-26
SUGEN CCPP,,,1147.50,11.52,17.99,2405.52,4083.60,,,,,,2017-10-26
UNOSUGEN CCPP,,,382.50,0.0,0.00,0.00,0.35,,,,,,2017-10-26
GANDHAR CCPP,,,657.39,5.04,13.12,1052.04,1923.50,,,,,,2017-10-26
KAWAS CCPP,,,656.20,3.42,10.01,718.92,1453.06,318.00,,,,,2017-10-26
KAKRAPARA,1,P,220.0,0.00,0.00,0.00,0.00,,220.0,11/03/2016 08:52,,"ENMASS COOLANT CHANNELREPLACEMENT",2017-10-26
KAKRAPARA,2,P,220.0,0.00,0.00,0.00,0.00,,220.0,01/07/2015 14:,,ENMASS COOLANT CHANNEL,2017-10-26
KAKRAPARA,2,P,220.0,0.00,0.00,0.00,0.00,,220.0,09,,REPLACEMENT,2017-10-26
AMARKANTAK EXT TPS,,,210.00,4.1,5.06,856.60,979.19,7,,,,,2017-10-26
AMARKANTAK EXT TPS,3,,210.0,4.10,5.06,856.60,979.19,,,,,,2017-10-26
SANJAY GANDHI TPS,1,,210.0,2.81,3.01,460.06,571.82,,,,,,2017-10-26
SANJAY GANDHI TPS,2,,210.0,2.45,3.00,513.70,525.77,,,,,,2017-10-26
SANJAY GANDHI TPS,3,,210.0,2.65,3.01,485.90,543.60,,,,,,2017-10-26
SANJAY GANDHI TPS,4,,210.0,2.45,3.07,513.70,616.86,,,,,,2017-10-26
SANJAY GANDHI TPS,5,,500.0,10.19,8.06,1812.94,1616.23,,,,,,2017-10-26
SATPURA TPS,,,1330.00,11.83,10.73,2157.58,2282.25,3,620.00,,,,2017-10-26
SATPURA TPS,6,S,200.0,0.00,0.00,0.00,176.79,,200.0,14/10/2017 14:15,,COAL SHORTAGE,2017-10-26
SATPURA TPS,7,L,210.0,0.00,0.00,0.00,88.95,,210.0,14/09/2017 02:20,,COAL SHORTAGE,2017-10-26
SATPURA TPS,8,,210.0,1.48,3.53,271.48,315.32,,,,,,2017-10-26
SATPURA TPS,9,,210.0,1.48,0.00,271.48,35.11,,210.0,07/05/2017 20:34,,"BOILER OVERHAUL/ ANNUALMAINTENANCE",2017-10-26
SATPURA TPS,10,,250.0,4.10,3.71,856.60,1063.06,,,,,,2017-10-26
SATPURA TPS,11,,250.0,4.77,3.49,758.02,603.02,,,,,,2017-10-26
SHRI SINGHAJI TPP,1,P,600.0,8.23,0.00,1719.98,1194.66,,600.0,02/10/2017 00:01,,"BOILER OVERHAUL/ ANNUALMAINTENANCE",2017-10-26
SHRI SINGHAJI TPP,2,,600.0,8.23,7.47,1719.98,386.13,,,,,,2017-10-26
BANSAGAR TONS-I  HPS,,,315.00,4.84,0.80,470.84,371.09,,,,,,2017-10-26
BANSAGAR TONS-II  HPS,,,30.00,0.39,0.17,55.14,35.41,,,,,,2017-10-26
BANSAGAR TONS-III  HPS,,,60.00,0.77,0.00,68.02,68.84,,,,,,2017-10-26
BARGI  HPS,,,90.00,2.26,0.49,228.76,76.27,,,,,,2017-10-26
GANDHI SAGAR  HPS,,,115.00,1.29,0.49,212.54,56.56,23.00,,,,,2017-10-26
MADHIKHERA  HPS,,,60.00,0.48,0.18,51.48,4.96,,,,,,2017-10-26
PENCH  HPS,,,160.00,1.61,1.66,221.86,89.12,,,,,,2017-10-26
RAJGHAT  HPS,,,45.00,0.48,0.46,33.48,7.69,15.0,,,,,2017-10-26
ANUPPUR TPP,1,P,600.00,9.58,0.00,2004.08,1743.73,,600.0,19/09/2017 13:03,,"BOILER OVERHAUL/ ANNUALMAINTENANCE",2017-10-26
ANUPPUR TPP,2,*,600.00,2.74,5.38,572.24,1558.17,,600.0,22/10/2017 06:35,"26/10/201712.27.00",TURBINE MISC. PROBLEM,2017-10-26
BINA TPS,1,,250.00,2.74,4.15,572.24,765.92,,,,,,2017-10-26
BINA TPS,2,L,250.00,2.74,0.00,572.24,563.72,,250.0,10/10/2017 00:00,,COAL SHORTAGE,2017-10-26
MAHAN TPP,1,,600.00,7.68,6.52,1603.68,1808.74,,,,,,2017-10-26
MAHAN TPP,2,,0.00,0.00,0.00,0.00,0.00,,,,,unit not yet commissioned,2017-10-26
NIGRI TPP,1,,660.00,10.26,14.65,2144.76,2570.98,,,,,,2017-10-26
NIGRI TPP,2,,660.00,10.26,14.07,2144.76,2518.83,,,,,,2017-10-26
NIWARI TPP,1,,45.00,0.68,0.73,143.68,51.21,,,,,,2017-10-26
NIWARI TPP,2,,0.00,0.00,0.00,0.00,0.00,,,,,unit not yet commissioned,2017-10-26
SASAN UMTPP,1,,660.00,13.71,16.21,2864.46,3112.55,,,,,,2017-10-26
SASAN UMTPP,2,,660.00,13.71,16.24,2864.46,2601.69,,,,,,2017-10-26
SASAN UMTPP,3,,660.00,13.71,15.94,2864.46,2687.51,,,,,,2017-10-26
SASAN UMTPP,4,,660.00,13.71,16.14,2864.46,3025.63,,,,,,2017-10-26
SASAN UMTPP,5,,660.00,13.71,16.24,2864.46,3149.44,,,,,,2017-10-26
SASAN UMTPP,6,,660.00,13.71,16.26,2864.46,2774.38,,,,,,2017-10-26
SEIONI TPP,1,S,600.00,4.10,0.00,856.60,635.24,,600.0,25/10/2017 02:45,,COAL SHORTAGE,2017-10-26
MAHESHWAR HPS,,,0.00,0.00,0.00,0.00,0.00,,,,,,2017-10-26
GADARWARA TPP,1,,0.00,0.00,0.00,0.00,0.00,,,,,unit not yet commissioned,2017-10-26
VINDHYACHAL STPS,1,,210.00,3.71,5.21,748.46,938.29,,,,,,2017-10-26
VINDHYACHAL STPS,2,,210.00,3.61,5.23,756.86,993.37,,,,,,2017-10-26
VINDHYACHAL STPS,3,,210.00,4.00,5.22,696.00,819.46,,,,,,2017-10-26
VINDHYACHAL STPS,4,,210.00,3.90,5.06,717.40,973.38,,,,,,2017-10-26
VINDHYACHAL STPS,5,,210.00,3.84,4.87,724.84,810.10,,,,,,2017-10-26
VINDHYACHAL STPS,6,,210.00,3.90,5.23,815.40,1014.80,,,,,,2017-10-26
VINDHYACHAL STPS,7,,500.00,9.84,12.12,1612.84,2077.00,,,,,,2017-10-26
VINDHYACHAL STPS,8,,500.00,8.65,11.98,1805.90,2205.18,,,,,,2017-10-26
VINDHYACHAL STPS,9,,500.00,8.65,12.20,1805.90,2378.13,,,,,,2017-10-26
VINDHYACHAL STPS,10,,500.00,9.58,12.39,1656.08,2030.02,,,,,,2017-10-26
VINDHYACHAL STPS,11,,500.00,8.65,12.25,1805.90,2099.21,,,,,,2017-10-26
VINDHYACHAL STPS,12,,500.00,9.23,12.29,1928.98,2071.07,,,,,,2017-10-26
VINDHYACHAL STPS,13,,500.00,8.65,12.18,1805.90,2350.90,,,,,,2017-10-26
INDIRA SAGAR  HPS,,,1000.00,6.29,2.10,1078.54,677.59,,,,,,2017-10-26
OMKARESHWAR  HPS,,,520.00,3.10,0.88,525.60,360.84,,,,,,2017-10-26
BHUSAWAL TPS,,,1210.00,17.04,18.77,3345.04,3304.03,4,210.00,,,,2017-10-26
BHUSAWAL TPS,2,L,0.00,0.00,0.00,0.00,0.00,,0.0,19/07/2016 00:00,,RSD/LOW SCHEDULE,2017-10-26
BHUSAWAL TPS,3,L,210.00,1.10,0.00,229.60,341.14,,210.0,27/08/2017 07:43,,FURNACE DRAFT ABNORMAL,2017-10-26
BHUSAWAL TPS,4,,500.00,7.68,9.39,1603.68,1553.20,,,,,,2017-10-26
BHUSAWAL TPS,5,,500.00,8.26,9.38,1511.76,1409.69,,,,,,2017-10-26
CHANDRAPUR(MAHARASHTRA) STPS,,,2920.00,46.33,44.76,9184.58,9353.16,4,710.00,,,,2017-10-26
CHANDRAPUR(MAHARASHTRA) STPS,3,S,,,,,,,,,,,2017-10-26
CHANDRAPUR(MAHARASHTRA) STPS,4,,210.00,3.26,4.20,596.76,677.62,,,,,,2017-10-26
CHANDRAPUR(MAHARASHTRA) STPS,5,,500.00,8.13,9.35,1488.38,1780.41,,,,,,2017-10-26
CHANDRAPUR(MAHARASHTRA) STPS,6,,500.00,8.13,9.38,1488.38,1549.56,,,,,,2017-10-26
CHANDRAPUR(MAHARASHTRA) STPS,7,,500.00,7.55,10.10,1579.30,1321.38,,,,,,2017-10-26
CHANDRAPUR(MAHARASHTRA) STPS,8,*,500.0,8.13,1.81,1699.38,1847.94,,500.0,24/10/2017 18:17,"26/10/201716.21.00",WATER WALL TUBE LEAKAGE,2017-10-26
CHANDRAPUR(MAHARASHTRA) STPS,9,,500.0,8.13,9.92,1699.38,1693.35,,,,,,2017-10-26
KHAPARKHEDA TPS,1,,210.0,3.55,3.56,743.30,461.33,,,,,,2017-10-26
KHAPARKHEDA TPS,2,,210.0,3.84,3.99,701.84,503.90,,,,,,2017-10-26
KHAPARKHEDA TPS,3,L,210.0,3.55,0.00,743.30,467.38,,210.0,12/09/2017 00:00,,COAL SHORTAGE,2017-10-26
KHAPARKHEDA TPS,4,,210.0,3.94,4.07,683.44,390.19,,,,,,2017-10-26
KHAPARKHEDA TPS,5,,500.0,8.23,9.19,1719.98,1515.19,,,,,,2017-10-26
KORADI TPS,,,2400.00,28.68,25.40,5992.68,5505.52,11,870.00,,,,2017-10-26
KORADI TPS,5,L,0.0,0.00,0.00,0.00,,,0.0,18/10/2016 00:01,,TURBINE MISC. PROBLEMS,2017-10-26
KORADI TPS,6,P,210.0,0.00,0.00,0.00,0.00,,210.0,09/07/2015 00:00,,"R AND M / REFURBISHMENTWORKS",2017-10-26
KORADI TPS,7,,210.0,2.74,2.68,572.24,344.23,,,,,,2017-10-26
KORADI TPS,8,S,660.0,10.97,10.43,2292.22,1957.10,,,26/10/2017 22:37,,ESP PROBLEM,2017-10-26
KORADI TPS,9,L,660.0,11.97,0.00,2501.22,1571.21,,660.0,07/09/2017 00:38,,AIR PREHEATERS PROBLEM,2017-10-26
KORADI TPS,10,,660.0,3.00,12.29,627.00,1632.98,,,,,,2017-10-26
NASIK TPS,,,630.00,10.45,8.16,1968.70,1629.70,6,210.00,,,,2017-10-26
NASIK TPS,3,,210.0,3.61,3.86,536.86,414.74,,,,,,2017-10-26
NASIK TPS,4,,210.0,3.42,4.30,715.92,665.40,,,,,,2017-10-26
NASIK TPS,5,L,210.0,3.42,0.00,715.92,549.56,,210.0,14/10/2017 21:05,,RSD/LOW SCHEDULE,2017-10-26
PARAS TPS,,,500.00,9.36,10.75,1840.36,1841.48,2,,,,,2017-10-26
PARAS TPS,3,,250.0,4.52,5.37,945.52,961.00,,,,,,2017-10-26
PARAS TPS,4,,250.0,4.84,5.38,894.84,880.48,,,,,,2017-10-26
PARLI TPS,,,1170.00,10.13,4.63,2117.38,1482.70,17,920.00,,,,2017-10-26
PARLI TPS,4,L,210.0,0.00,0.00,0.00,0.00,,210.0,01/04/2016 18:26,,UNECONOMICAL OPERATION,2017-10-26
PARLI TPS,5,L,210.0,0.00,0.00,0.00,0.00,,210.0,01/04/2016 00:00,,RSD/LOW SCHEDULE,2017-10-26
PARLI TPS,6,S,250.0,3.29,0.00,688.54,708.62,,250.0,14/10/2017 17:04,,RSD/LOW SCHEDULE,2017-10-26
PARLI TPS,7,S,250.0,3.29,0.00,688.54,603.28,,250.0,12/10/2017 00:00,,RSD/LOW SCHEDULE,2017-10-26
PARLI TPS,8,,250.0,3.55,4.63,740.30,170.80,,,,,,2017-10-26
URAN CCPP,,,672.00,6.9,9.96,1439.40,1800.06,108.00,,,,,2017-10-26
BHIRA TAIL RACE  HPS,,,80.00,0.26,0.32,55.76,62.91,,,,,,2017-10-26
GHATGHAR  PSS  HPS,,,250.00,1.13,0.81,239.38,49.13,,,,,,2017-10-26
KOYNA DPH  HPS,,,36.00,0.16,0.00,74.16,60.21,,,,,,2017-10-26
KOYNA-I  HPS,,,280.00,3.55,0.82,636.30,302.82,,,,,,2017-10-26
KOYNA-II  HPS,,,320.00,0.0,0.82,0.00,306.64,,,,,,2017-10-26
KOYNA-III  HPS,,,320.00,1.45,0.51,331.70,303.49,,,,,,2017-10-26
KOYNA-IV  HPS,,,1000.00,4.03,0.11,964.78,509.10,,,,,,2017-10-26
TILLARI  HPS,,,60.00,0.39,0.00,48.14,15.97,,,,,,2017-10-26
VAITARNA  HPS,,,60.00,0.0,0.00,73.00,96.92,,,,,,2017-10-26
AMARAVATI TPS,1,,270.0,1.39,5.51,280.14,544.66,,,,,,2017-10-26
AMARAVATI TPS,2,,270.0,1.39,5.56,291.14,653.87,,,,,,2017-10-26
AMARAVATI TPS,3,L,270.0,1.39,0.00,285.14,444.43,,270.0,17/09/2017 02:01,,COAL SHORTAGE,2017-10-26
AMARAVATI TPS,4,S,270.0,1.39,0.00,285.14,412.24,,270.0,16/10/2017 21:30,"31/10/201700.00.00",RSD/LOW SCHEDULE,2017-10-26
AMARAVATI TPS,5,L,270.0,0.00,0.00,292.08,277.49,,270.0,17/09/2017 00:02,,COAL SHORTAGE,2017-10-26
BELA TPS,1,L,270.0,0.00,0.00,0.00,0.00,,270.0,22/03/2013 18:23,,UNECONOMICAL OPERATION,2017-10-26
BUTIBORI TPP,1,,300.0,5.74,6.00,1202.24,447.43,,,,,,2017-10-26
BUTIBORI TPP,2,,300.0,5.19,6.33,1085.94,1240.74,,,,,,2017-10-26
DAHANU TPS,1,,250.0,5.32,5.04,1110.32,1085.21,,,,,,2017-10-26
DAHANU TPS,2,,250.0,5.68,5.02,1014.68,997.03,,,,,,2017-10-26
DHARIWAL TPP,1,,300.0,0.00,3.76,0.00,192.58,,,,,,2017-10-26
DHARIWAL TPP,2,S,300.0,4.35,0.00,821.10,1332.11,,300.0,25/10/2017 00:00,"31/10/201700.00.00",COAL SHORTAGE,2017-10-26
GEPL TPP Ph-I,1,L,60.00,0.00,0.00,0.00,0.00,,60.0,00,,NO Power purchase agreement,2017-10-26
GEPL TPP Ph-I,2,L,60.00,0.00,0.00,0.00,0.00,,60.0,20/06/2013 20:27,,NO Power purchase agreement,2017-10-26
GMR WARORA TPS,1,,300.00,4.81,7.34,1004.06,1059.84,,,,,,2017-10-26
GMR WARORA TPS,2,L,300.00,4.81,0.00,1004.06,1006.35,,300.0,03/10/2017 02:17,,COAL SHORTAGE,2017-10-26
JSW RATNAGIRI TPP,1,,300.00,5.23,6.71,1092.98,1337.97,,,,,,2017-10-26
JSW RATNAGIRI TPP,2,,300.00,4.81,6.20,1004.06,551.47,,,,,,2017-10-26
JSW RATNAGIRI TPP,3,,300.00,4.81,6.81,1004.06,1149.66,,,,,,2017-10-26
JSW RATNAGIRI TPP,4,,300.00,5.39,6.38,1127.14,816.72,,,,,,2017-10-26
LANCO VIDARBHA TPP,1,,0.00,0.00,0.00,0.00,0.00,,,,,unit not yet commissioned,2017-10-26
MIHAN TPS,1,L,61.50,0.00,0.00,0.00,0.00,,61.5,10/01/2013 15:50,,NO Power purchase agreement,2017-10-26
MIHAN TPS,2,L,61.50,0.00,0.00,0.00,0.00,,61.5,05/11/2013 11:53,,NO Power purchase agreement,2017-10-26
MIHAN TPS,3,L,61.50,0.00,0.00,0.00,0.00,,61.5,10/06/2013 18:00,,NO Power purchase agreement,2017-10-26
MIHAN TPS,4,L,61.50,0.00,0.00,0.00,0.00,,61.5,20/08/2013 10:00,,NO Power purchase agreement,2017-10-26
NASIK (P) TPS,1,L,270.00,0.00,0.00,0.00,0.00,,270.0,04/03/2014 18:10,,NO Power purchase agreement,2017-10-26
NASIK (P) TPS,2,L,270.00,0.00,0.00,0.00,0.00,,270.0,16/02/2017 00:46,,NO Power purchase agreement,2017-10-26
NASIK (P) TPS,3,L,270.00,0.00,0.00,0.00,0.50,,270.0,14/04/2017 01:45,,NO Power purchase agreement,2017-10-26
NASIK (P) TPS,4,L,270.00,0.00,0.00,0.00,0.63,,270.0,20/05/2017 00:25,,NO Power purchase agreement,2017-10-26
NASIK (P) TPS,5,L,270.00,0.00,0.00,0.00,0.56,,270.0,30/05/2017 15:24,,NON STABLISED UNIT,2017-10-26
SHIRPUR TPP,1,L,150.00,0.00,0.00,0.00,1.36,,150.0,28/09/2017 21:14,,NON STABLISED UNIT,2017-10-26
TIRORA TPS,1,,660.00,10.58,13.08,1949.08,1762.44,,,,,,2017-10-26
TIRORA TPS,2,L,660.00,10.58,0.00,1948.08,2009.54,,660.0,18/10/2017 05:28,,AIR PREHEATERS PROBLEM,2017-10-26
TIRORA TPS,3,,660.00,9.87,14.41,2062.62,2203.47,,,,,,2017-10-26
TIRORA TPS,4,,660.0,10.58,13.26,1949.08,2055.93,,,,,,2017-10-26
TIRORA TPS,5,,660.0,9.87,13.54,2062.62,2352.61,,,,,,2017-10-26
TROMBAY TPS,,,1250.00,15.64,13.86,3268.64,3025.69,500.00,,,,,2017-10-26
TROMBAY TPS,5,,500.0,10.19,8.65,2130.94,1926.64,,,,,,2017-10-26
TROMBAY TPS,6,L,500.0,0.00,0.00,0.00,0.00,,500.0,15/07/2015 17:08,,RSD/LOW SCHEDULE,2017-10-26
TROMBAY TPS,8,,250.0,5.45,5.21,1137.70,1099.05,,,,,,2017-10-26
WARDHA WARORA TPP,1,L,135.0,0.00,0.00,0.00,0.00,,135.0,16/02/2016 17:19,,RSD/LOW SCHEDULE,2017-10-26
WARDHA WARORA TPP,2,L,135.0,0.00,0.00,0.00,0.00,,135.0,29/02/2016 21:46,,RSD/LOW SCHEDULE,2017-10-26
WARDHA WARORA TPP,3,L,135.0,2.13,0.00,419.38,172.65,,135.0,26/08/2017 17:40,,"ASH HANDLING SYSTEMPROBLEM",2017-10-26
WARDHA WARORA TPP,4,,135.0,2.13,1.17,419.38,414.73,,,,,,2017-10-26
MANGAON CCPP,,,388.00,1.39,0.00,285.14,0.00,388.00,,,,,2017-10-26
TROMBAY CCPP,,,180.00,2.42,3.05,503.92,742.37,,,,,,2017-10-26
BHANDARDHARA  HPS ST-II,,,34.00,0.0,0.00,21.00,28.61,,,,,,2017-10-26
BHIRA   HPS,,,150.00,2.19,1.70,557.94,212.88,,,,,,2017-10-26
BHIRA PSS  HPS,,,150.00,0.0,2.41,0.00,338.95,,,,,,2017-10-26
BHIVPURI  HPS,,,75.00,1.06,1.20,132.56,142.48,,,,,,2017-10-26
KHOPOLI  HPS,,,72.00,0.77,0.82,164.02,187.71,,,,,,2017-10-26
MAUDA TPS,1,S,500.0,4.10,0.00,856.60,1357.57,,500.0,25/10/2017 21:45,,COAL SHORTAGE,2017-10-26
MAUDA TPS,2,,500.0,4.42,7.76,810.92,1213.95,,,,,,2017-10-26
MAUDA TPS,3,,660.0,3.55,9.01,743.30,727.49,,,,,,2017-10-26
MAUDA TPS,4,,660.0,0.00,9.58,0.00,450.62,,,,,,2017-10-26
SOLAPUR,1,L,660.0,0.00,0.00,0.00,316.80,,660.0,10/10/2017 07:38,,COAL SHORTAGE,2017-10-26
SOLAPUR,2,,0.0,0.00,0.00,0.00,0.00,,,,,unit not yet commissioned,2017-10-26
RATNAGIRI CCPP,,,2220.00,11.64,13.17,2426.64,2552.73,1480.00,,,,,2017-10-26
TARAPUR,1,P,160.0,0.74,0.00,157.24,183.82,,160.0,04/06/2017 19:09,,ENMASS REFUELLING,2017-10-26
TARAPUR,2,,160.0,2.39,3.86,500.14,765.33,,,,,,2017-10-26
TARAPUR,3,,540.0,11.00,13.03,2299.00,1651.58,,,,,,2017-10-26
TARAPUR,4,P,540.0,11.00,0.00,2299.00,298.20,,540.0,23/04/2017 19:55,,ANNUAL MAINTENANCE,2017-10-26
DAMODARAM SANJEEVAIAH TPS,1,L,800.0,12.61,0.00,2634.86,1377.30,,800.0,06/09/2017 23:59,,COAL SHORTAGE,2017-10-26
DAMODARAM SANJEEVAIAH TPS,2,,800.0,12.61,8.61,2634.86,1433.78,,,,,,2017-10-26
Dr. N.TATA RAO TPS,1,P,210.0,4.29,0.00,828.54,444.23,,210.0,09/09/2017 06:36,,"BOILER OVERHAUL/ ANNUALMAINTENANCE",2017-10-26
Dr. N.TATA RAO TPS,2,L,210.0,4.68,0.00,768.68,720.48,,210.0,10/10/2017 13:43,,WATER WALL TUBE LEAKAGE,2017-10-26
Dr. N.TATA RAO TPS,3,*,210.0,4.31,3.86,833.41,803.29,,,26/10/2017 08:05,"26/10/201709.07.00","FURNACE FIRE OUT /FLAMEFAILURE",2017-10-26
Dr. N.TATA RAO TPS,4,,210.0,4.29,4.02,833.54,793.61,,,,,,2017-10-26
Dr. N.TATA RAO TPS,5,,210.0,4.29,4.35,897.54,776.35,,,,,,2017-10-26
Dr. N.TATA RAO TPS,6,,210.0,4.29,4.40,832.54,771.49,,,,,,2017-10-26
Dr. N.TATA RAO TPS,7,S,500.0,10.03,0.00,2096.78,1628.87,,500.0,19/10/2017 19:27,,"RESERVE SHUT DOWN / STANDBYUNIT",2017-10-26
RAYALASEEMA TPS,1,,210.0,4.29,4.94,833.54,765.00,,,,,,2017-10-26
RAYALASEEMA TPS,2,,210.0,4.29,4.93,832.54,716.79,,,,,,2017-10-26
RAYALASEEMA TPS,3,,210.0,4.10,4.94,856.60,766.12,,,,,,2017-10-26
RAYALASEEMA TPS,4,,210.0,4.29,4.92,897.54,776.67,,,,,,2017-10-26
RAYALASEEMA TPS,5,,210.0,4.29,4.61,833.54,532.82,,,,,,2017-10-26
RAYALASEEMA TPS,6,,0.0,0.00,0.00,0.00,0.00,,,,,unit not yet commissioned,2017-10-26
JEGURUPADU CCPP PH I,,,235.40,2.61,3.21,550.86,670.46,52.80,,,,,2017-10-26
NAGARJUN SGR RBC EXTN. HPS,,,0.00,0.0,0.00,0.00,0.00,,,,,,2017-10-26
NAGARJUN SGR RBC   HPS,,,90.00,0.97,0.00,65.22,0.04,90.00,,,,,2017-10-26
NAGARJUN SGR  TPD,,,50.00,0.58,0.00,77.08,9.77,,,,,,2017-10-26
SRISAILAM  HPS,,,770.00,4.06,1.04,691.56,278.97,,,,,,2017-10-26
UPPER SILERU  HPS,,,240.00,1.06,1.55,221.56,199.68,60.00,,,,,2017-10-26
PAINAMPURAM TPP,1,*,660.0,11.23,13.47,2346.98,2764.73,,660.0,25/10/2017 19:33,"26/10/201700.15.00","ELECTRICAL MISCELLANEOUSPROBLEMS",2017-10-26
PAINAMPURAM TPP,2,*,660.0,11.23,12.90,2346.98,3033.99,,660.0,25/10/2017 19:33,"26/10/201702.28.00","ELECTRICAL MISCELLANEOUSPROBLEMS",2017-10-26
SGPL TPP,1,,660.0,7.06,15.73,1476.56,2559.21,,,,,,2017-10-26
SGPL TPP,2,,660.0,3.55,13.82,743.30,2558.57,,,,,,2017-10-26
SIMHAPURI TPS,1,L,150.0,1.46,0.00,273.66,0.00,,150.0,18/03/2017 00:08,,RSD/LOW SCHEDULE,2017-10-26
SIMHAPURI TPS,2,L,150.0,1.45,0.00,280.70,0.00,,150.0,27/12/2016 23:08,,RSD/LOW SCHEDULE,2017-10-26
SIMHAPURI TPS,3,L,150.0,1.45,0.00,279.70,5.82,,150.0,10/04/2017 08:48,,RSD/LOW SCHEDULE,2017-10-26
SIMHAPURI TPS,4,L,150.0,1.45,0.00,280.70,19.20,,150.0,07/04/2017 05:25,,RSD/LOW SCHEDULE,2017-10-26
THAMMINAPATNAM TPS,1,S,150.0,1.74,0.00,363.24,174.13,,150.0,21/10/2017 00:00,,RSD/LOW SCHEDULE,2017-10-26
THAMMINAPATNAM TPS,2,,150.0,1.74,2.97,363.24,385.99,,,,,,2017-10-26
THAMMINAPATNAM TPS,3,,0.0,0.00,0.00,0.00,0.00,,,,,unit not yet commissioned,2017-10-26
THAMMINAPATNAM TPS,4,,0.0,0.00,0.00,0.00,0.00,,,,,unit not yet commissioned,2017-10-26
VIZAG TPP,1,,520.0,6.03,10.50,1109.78,1378.02,,,,,,2017-10-26
VIZAG TPP,2,S,520.0,6.03,0.00,1260.78,778.96,,520.0,18/10/2017 20:00,,COAL SHORTAGE,2017-10-26
GAUTAMI CCPP,,,464.00,0.0,0.00,0.00,0.00,464.00,,,,,2017-10-26
GMR Energy Ltd - Kakinada,,,220.00,0.0,0.00,0.00,0.00,135.00,,,,,2017-10-26
GODAVARI CCPP,,,208.00,2.73,4.28,571.98,118.87,,,,,,2017-10-26
GREL CCPP (Rajahmundry),,,768.00,1.74,0.00,354.24,0.00,,,,,,2017-10-26
JEGURUPADU CCPP PH II,,,220.00,0.26,0.00,54.76,0.00,220.00,,,,,2017-10-26
KONASEEMA CCPP,,,445.00,0.0,0.00,0.00,0.00,445.00,,,,,2017-10-26
KONDAPALLI CCPP,,,350.00,1.65,4.11,339.90,113.67,,,,,,2017-10-26
KONDAPALLI  EXTN CCPP .,,,366.00,0.54,0.00,113.04,0.00,,,,,,2017-10-26
KONDAPALLI ST-3 CCPP,,,742.00,3.8,0.00,800.80,0.00,,,,,,2017-10-26
PEDDAPURAM CCPP,,,220.00,0.0,0.00,0.00,0.00,,,,,,2017-10-26
VEMAGIRI CCPP,,,370.00,1.1,0.00,229.60,0.00,,,,,,2017-10-26
VIJJESWARAM CCPP,,,272.00,1.65,2.51,342.90,843.34,,,,,,2017-10-26
LVS POWER DG,,,36.80,0.0,0.00,0.00,0.00,,,,,,2017-10-26
SIMHADRI,1,,500.0,9.65,6.72,2017.90,1779.23,,,,,,2017-10-26
SIMHADRI,2,,500.0,11.00,6.71,1804.00,1309.29,,,,,,2017-10-26
SIMHADRI,3,,500.0,10.68,6.88,1856.68,1393.00,,,,,,2017-10-26
SIMHADRI,4,,500.0,9.65,6.60,2017.90,1752.45,,,,,,2017-10-26
BELLARY TPS,1,L,500.0,8.88,0.00,1667.72,275.88,,500.0,17/09/2017 15:59,,RSD/LOW SCHEDULE,2017-10-26
BELLARY TPS,2,,500.0,0.00,9.77,1773.96,1093.01,,,,,,2017-10-26
BELLARY TPS,3,L,700.0,10.68,0.00,2233.68,187.06,,700.0,20/08/2017 14:36,,RSD/LOW SCHEDULE,2017-10-26
RAICHUR TPS,1,L,210.0,3.90,0.00,694.40,759.55,,210.0,18/09/2017 10:51,,RSD/LOW SCHEDULE,2017-10-26
RAICHUR TPS,2,P,210.0,5.39,0.00,583.14,735.71,,210.0,10/09/2017 00:10,,"BOILER OVERHAUL/ ANNUALMAINTENANCE",2017-10-26
RAICHUR TPS,3,,210.0,3.77,4.49,788.02,746.47,,,,,,2017-10-26
RAICHUR TPS,4,,210.0,3.74,4.90,781.24,867.67,,,,,,2017-10-26
RAICHUR TPS,5,,210.0,0.00,4.92,820.04,649.83,,,,,,2017-10-26
RAICHUR TPS,6,,210.0,3.90,4.76,733.40,802.56,,,,,,2017-10-26
RAICHUR TPS,7,P,210.0,3.87,0.00,814.62,798.95,,210.0,30/09/2017 19:03,,"SCHEDULED ANNUALMAINTENANCE",2017-10-26
RAICHUR TPS,8,,250.0,4.68,5.78,878.68,1040.20,,,,,,2017-10-26
YERMARUS TPP,1,L,800.0,10.97,0.00,2292.22,114.31,,800.0,09/08/2017 14:26,,"FURNACE FIRE OUT /FLAMEFAILURE",2017-10-26
YERMARUS TPP,2,L,800.0,0.00,0.00,0.00,107.20,,800.0,07/04/2017 20:07,,COLLAPSE OF R.C. BUNKER,2017-10-26
YELHANKA (DG),,,127.92,0.0,0.00,0.00,0.00,,,,,,2017-10-26
ALMATTI DPH  HPS,,,290.00,1.94,0.93,360.44,339.68,,,,,,2017-10-26
BHADRA  HPS,,,39.20,0.29,0.00,33.54,1.02,12.00,,,,,2017-10-26
GERUSUPPA  HPS,,,240.00,1.29,1.43,292.54,139.87,,,,,,2017-10-26
GHAT PRABHA  HPS,,,32.00,0.32,0.00,33.32,8.06,,,,,,2017-10-26
HAMPI  HPS,,,36.00,0.81,0.29,88.06,12.98,,,,,,2017-10-26
JOG  HPS,,,139.20,0.74,0.73,154.24,122.35,,,,,,2017-10-26
KADRA  HPS,,,150.00,0.87,1.01,253.62,143.56,,,,,,2017-10-26
KALINADI  HPS,,,855.00,6.77,7.84,1433.02,869.81,,,,,,2017-10-26
KALINADI SUPA  HPS,,,100.00,1.13,1.61,159.38,148.88,,,,,,2017-10-26
KODASALI  HPS,,,120.00,0.84,0.65,211.84,109.30,,,,,,2017-10-26
LIGANAMAKKI  HPS,,,55.00,0.87,0.50,94.62,43.23,27.50,,,,,2017-10-26
MUNIRABAD  HPS,,,28.00,0.45,0.43,52.70,20.62,,,,,,2017-10-26
SHARAVATHI  HPS,,,1035.00,13.29,7.64,2454.54,1202.22,,,,,,2017-10-26
SIVASAMUNDRUM  HPS,,,42.00,0.97,0.70,134.22,101.62,,,,,,2017-10-26
T B   DAM  HPS,,,36.00,0.0,0.64,0.00,32.95,,,,,,2017-10-26
VARAHI  HPS,,,460.00,3.03,1.24,590.78,447.08,115.00,,,,,2017-10-26
TORANGALLU TPS(SBU-I),1,,130.0,2.19,2.98,458.94,410.84,,,,,,2017-10-26
TORANGALLU TPS(SBU-I),2,S,130.0,2.26,0.00,449.76,514.99,,130.0,19/10/2017 01:02,"26/10/201700.00.00","RESERVE SHUT DOWN / STANDBYUNIT",2017-10-26
TORANGALLU TPS(SBU-II),,,600.00,7.23,5.11,1466.98,1489.61,300.00,,,,,2017-10-26
TORANGALLU TPS(SBU-II),3,,300.0,3.68,5.11,723.68,676.31,,,,,,2017-10-26
TORANGALLU TPS(SBU-II),4,S,300.0,3.55,0.00,743.30,813.30,,300.0,19/10/2017 21:01,"26/10/201700.00.00","RESERVE SHUT DOWN / STANDBYUNIT",2017-10-26
UDUPI TPP,1,,600.0,12.19,11.34,2097.94,1409.52,,,,,,2017-10-26
UDUPI TPP,2,,600.0,11.77,14.33,2166.02,2148.46,,,,,,2017-10-26
BELLARY DG,,,25.20,0.0,0.00,0.00,0.00,,,,,,2017-10-26
KUDGI STPP,1,,800.0,3.55,15.64,743.30,1242.44,,,,,,2017-10-26
KUDGI STPP,2,L,800.0,0.00,0.00,0.00,173.47,,800.0,20/07/2017 20:01,,BOILER MISC. PROBLEM,2017-10-26
KUDGI STPP,3,L,0.0,0.00,0.00,0.00,0.00,,0.0,22/08/2017 19:25,,unit not yet commissioned,2017-10-26
KAIGA,1,,220.0,4.48,5.26,938.48,1099.12,,,,,,2017-10-26
KAIGA,2,,220.0,4.48,5.22,938.48,1059.49,,,,,,2017-10-26
KAIGA,3,,220.0,4.48,5.16,938.48,1085.78,,,,,,2017-10-26
KAIGA,4,,220.0,4.35,5.60,780.10,1179.45,,,,,,2017-10-26
BRAMHAPURAM DG,,,63.96,0.09,0.00,2.34,0.31,,,,,,2017-10-26
KOZHIKODE DG,,,96.00,0.0,0.00,36.00,0.45,16.00,,,,,2017-10-26
IDAMALAYAR  HPS.,,,75.00,1.0,0.74,179.00,128.56,37.50,,,,,2017-10-26
IDUKKI  HPS.,,,780.00,2.94,4.26,1089.44,816.91,130.00,,,,,2017-10-26
KAKKAD  HPS.,,,50.00,0.58,0.53,120.08,93.82,,,,,,2017-10-26
KUTTIYADI ADDL. EXTN.,,,100.00,0.0,1.36,0.00,113.40,,,,,,2017-10-26
KUTTIYADI  HPS.,,,125.00,2.1,1.87,439.60,292.36,,,,,,2017-10-26
LOWER PERIYAR  HPS.,,,180.00,1.9,2.04,375.40,374.96,,,,,,2017-10-26
NARIAMANGLAM  HPS,,,70.00,1.29,1.40,225.54,208.60,,,,,,2017-10-26
PALLIVASAL  HPS.,,,37.50,0.65,0.63,126.90,119.13,,,,,,2017-10-26
PANNIAR  HPS.,,,30.00,0.58,0.54,84.08,66.35,,,,,,2017-10-26
PORINGALKUTTU  HPS.,,,32.00,0.55,0.58,99.30,91.30,8.00,,,,,2017-10-26
SABARIGIRI  HPS.,,,300.00,2.9,3.10,755.40,509.89,100.00,,,,,2017-10-26
SENGULAM  HPS.,,,48.00,0.52,0.66,94.52,101.34,12.00,,,,,2017-10-26
SHOLAYAR  HPS.,,,54.00,0.55,0.81,101.30,84.17,18.00,,,,,2017-10-26
COCHIN CCPP (Liq.),,,174.00,0.0,0.00,0.00,42.65,174.00,,,,,2017-10-26
R. GANDHI CCPP (Liq.),,,359.58,0.09,0.00,20.34,4.19,,,,,,2017-10-26
KARAIKAL CCPP,,,32.50,0.61,0.65,126.86,130.77,,,,,,2017-10-26
METTUR TPS,1,S,210.0,4.29,4.00,832.54,763.75,,,26/10/2017 21:53,,COAL SHORTAGE,2017-10-26
METTUR TPS,2,,210.0,4.29,4.47,897.54,781.35,,,,,,2017-10-26
METTUR TPS,3,,210.0,4.29,4.51,833.54,637.00,,,,,,2017-10-26
METTUR TPS,4,,210.00,4.68,4.53,770.68,800.96,,,,,,2017-10-26
METTUR TPS - II,1,,600.00,10.45,8.63,1869.70,1210.35,,,,,,2017-10-26
NORTH CHENNAI TPS,1,,210.00,4.46,4.35,726.68,735.25,,,,,,2017-10-26
NORTH CHENNAI TPS,2,,210.00,4.10,4.46,853.60,806.30,,,,,,2017-10-26
NORTH CHENNAI TPS,3,,210.00,4.00,4.85,772.00,841.85,,,,,,2017-10-26
NORTH CHENNAI TPS,4,,600.00,9.61,9.01,1721.86,1768.00,,,,,,2017-10-26
NORTH CHENNAI TPS,5,,600.00,9.67,9.23,1722.68,1701.33,,,,,,2017-10-26
TUTICORIN TPS,1,,210.00,3.29,4.32,537.54,374.56,,,,,,2017-10-26
TUTICORIN TPS,2,S,210.00,3.29,1.81,688.54,652.07,,210.0,26/10/2017 10:35,,COAL SHORTAGE,2017-10-26
TUTICORIN TPS,3,,210.00,3.29,4.00,638.54,473.41,,,,,,2017-10-26
TUTICORIN TPS,4,,210.00,3.29,3.99,619.54,806.84,,,,,,2017-10-26
TUTICORIN TPS,5,S,210.00,3.26,3.76,681.76,674.25,,,26/10/2017 22:30,,COAL SHORTAGE,2017-10-26
BASIN BRIDGE GT (Liq.),,,120.00,0.00,0.00,0.00,6.12,30.0,,,,,2017-10-26
KOVIKALPAL CCPP,,,107.88,1.00,0.46,212.00,180.34,38.23,,,,,2017-10-26
KUTTALAM CCPP,,,100.00,0.96,1.10,201.96,201.66,,,,,,2017-10-26
VALUTHUR CCPP,,,186.20,2.74,3.84,572.24,733.30,,,,,,2017-10-26
ALIYAR  HPS.,,,60.00,0.48,0.99,93.48,70.24,,,,,,2017-10-26
BHAWANI BARRAGE-II HPS,,,30.00,0.35,0.58,31.10,12.77,,,,,,2017-10-26
BHAWANI BARRAGE-III HPS,,,30.00,0.35,0.00,32.10,0.00,30.0,,,,,2017-10-26
BHAWANI KATTAL,,,30.00,0.32,0.55,35.32,15.87,,,,,,2017-10-26
KADAMPARI  HPS.,,,400.00,1.23,1.58,201.98,143.48,,,,,,2017-10-26
KODAYAR  HPS.,,,100.00,0.91,0.67,98.66,63.53,,,,,,2017-10-26
KUNDAH  HPS.,,,555.00,4.29,3.93,855.54,378.45,,,,,,2017-10-26
LOWER METTUR  HPS.,,,120.00,1.28,1.95,156.28,54.60,,,,,,2017-10-26
METTUR DAM  HPS.,,,50.00,0.42,0.69,64.92,30.91,,,,,,2017-10-26
METTUR TUNNEL  HPS.,,,200.00,1.68,2.65,206.68,80.24,,,,,,2017-10-26
MOYAR  HPS,,,36.00,0.45,0.48,85.70,41.46,,,,,,2017-10-26
PAPANASAM  HPS.,,,32.00,0.48,0.51,67.48,47.49,,,,,,2017-10-26
PARSON`S VALLEY  HPS.,,,30.00,0.19,0.17,28.94,9.97,,,,,,2017-10-26
PERIYAR  HPS.,,,161.00,2.23,1.02,244.98,82.41,35.00,,,,,2017-10-26
PYKARA  HPS.,,,59.20,0.19,0.00,35.94,0.96,,,,,,2017-10-26
PYKARA ULTMATE  HPS.,,,150.00,1.16,1.17,230.16,116.98,,,,,,2017-10-26
SARKARPATHY  HPS.,,,30.00,0.48,0.58,40.48,39.26,,,,,,2017-10-26
SHOLAYAR HPS &#40;TN&#41;,,,95.00,0.45,1.44,106.70,114.44,,,,,,2017-10-26
SURULIYAR  HPS.,,,35.00,0.42,0.61,38.92,22.74,,,,,,2017-10-26
ITPCL TPP,1,,600.0,5.87,14.23,1097.62,1612.10,,,,,,2017-10-26
ITPCL TPP,2,,600.0,4.52,14.21,942.52,1537.96,,,,,,2017-10-26
MUTHIARA TPP,1,,600.0,6.16,9.05,1288.16,579.55,,,,,,2017-10-26
MUTHIARA TPP,2,L,600.0,6.16,0.00,1288.16,1486.41,,600.0,26/09/2017 01:35,,RSD/LOW SCHEDULE,2017-10-26
NEYVELI TPS(Z),1,L,250.0,4.35,0.00,911.10,476.54,,250.0,28/09/2017 16:59,,"RESERVE SHUT DOWN / STANDBYUNIT",2017-10-26
TUTICORIN (P) TPP,1,L,150.0,0.00,0.00,0.00,0.00,,150.0,03/04/2016 00:31,,NO Power purchase agreement,2017-10-26
TUTICORIN (P) TPP,2,L,150.0,0.00,0.00,0.00,0.00,,150.0,16/04/2016 01:42,,NO Power purchase agreement,2017-10-26
KARUPPUR CCPP,,,119.80,1.36,1.67,281.36,257.11,,,,,,2017-10-26
P.NALLUR CCPP,,,330.50,0.55,0.00,113.30,0.00,,,,,,2017-10-26
VALANTARVY CCPP,,,52.80,0.81,1.10,171.06,214.71,,,,,,2017-10-26
B. BRIDGE D.G,,,200.00,0.0,0.00,0.00,0.00,,,,,,2017-10-26
SAMALPATTI DG,,,105.70,0.0,0.00,0.00,0.00,,,,,,2017-10-26
SAMAYANALLUR DG,,,106.00,0.0,0.00,0.00,0.00,,,,,,2017-10-26
NEYVELI ( EXT) TPS,1,,210.00,4.45,5.03,750.70,907.53,,,,,,2017-10-26
NEYVELI ( EXT) TPS,2,,210.00,0.00,5.11,882.00,863.56,,,,,,2017-10-26
NEYVELI NEW TPP,1,,0.00,0.00,0.00,0.00,0.00,,,,,unit not yet commissioned,2017-10-26
NEYVELI TPS- I,1,,50.00,0.90,0.90,170.40,163.42,,,,,,2017-10-26
NEYVELI TPS- I,2,,50.00,0.90,0.94,170.40,177.76,,,,,,2017-10-26
NEYVELI TPS- I,3,,50.00,0.90,0.79,170.40,162.11,,,,,,2017-10-26
NEYVELI TPS- I,4,*,50.00,0.87,0.90,151.62,170.57,,,24/10/2017 12:29,"26/10/201700.15.00",ECONOMISER TUBE LEAKAGE,2017-10-26
NEYVELI TPS- I,5,,50.00,0.90,0.99,188.40,165.72,,,,,,2017-10-26
NEYVELI TPS- I,6,,50.00,0.90,0.86,188.40,186.31,,,,,,2017-10-26
NEYVELI TPS- I,7,,100.00,1.77,1.75,340.16,315.37,,,,,,2017-10-26
NEYVELI TPS- I,8,,100.00,1.77,0.96,337.02,330.83,,,,,,2017-10-26
NEYVELI TPS- I,9,,100.00,0.00,1.54,362.04,329.93,,,,,,2017-10-26
NEYVELI TPS-II,1,,210.00,4.15,5.10,724.15,797.18,,,,,,2017-10-26
NEYVELI TPS-II,2,,210.00,4.16,5.02,725.16,806.98,,,,,,2017-10-26
NEYVELI TPS-II,3,P,210.00,4.19,0.00,876.94,848.18,,210.0,13/10/2017 00:07,,"SCHEDULED ANNUALMAINTENANCE",2017-10-26
NEYVELI TPS-II,4,,210.00,4.23,5.11,880.98,885.11,,,,,,2017-10-26
NEYVELI TPS-II,5,,210.00,4.19,5.11,727.94,798.86,,,,,,2017-10-26
NEYVELI TPS-II,6,,210.00,4.19,5.09,727.94,812.77,,,,,,2017-10-26
NEYVELI TPS-II,7,,210.00,0.00,5.14,768.00,832.68,,,,,,2017-10-26
NEYVELI TPS-II EXP,1,*,250.00,4.58,1.26,956.08,658.97,,250.0,19/10/2017 07:33,"26/10/201712.31.00",WATER WALL TUBE LEAKAGE,2017-10-26
NEYVELI TPS-II EXP,2,P,250.00,0.00,0.00,810.00,488.05,,250.0,23/10/2017 13:42,,"BOILER OVERHAUL/ ANNUALMAINTENANCE",2017-10-26
TUTICORIN (JV) TPP,1,,500.00,9.39,8.13,1963.14,1331.75,,,,,,2017-10-26
TUTICORIN (JV) TPP,2,*,500.00,9.39,0.20,1963.14,1494.66,,500.0,20/10/2017 16:49,"26/10/201722.08.00",COAL SHORTAGE,2017-10-26
VALLUR TPP,1,,500.00,8.62,10.82,1718.92,1841.92,,,,,,2017-10-26
VALLUR TPP,2,,500.00,9.00,11.31,1656.00,1742.69,,,,,,2017-10-26
VALLUR TPP,3,L,500.00,8.65,0.00,1722.90,591.50,,500.0,04/06/2017 06:10,,"GENERATOR PROTECTION RELAYOPERATION PROBLEM",2017-10-26
KUDANKULAM,1,,1000.00,21.58,21.71,4512.08,1253.47,,,,,,2017-10-26
KUDANKULAM,2,L,1000.00,0.00,0.00,3525.00,2271.54,,1000.0,04/08/2017 10:35,,REACTOR MAINTENANCE WORKS.,2017-10-26
MADRAS  A.P.S.,1,,220.00,4.23,4.99,883.98,768.83,,,,,,2017-10-26
MADRAS  A.P.S.,2,,220.00,4.13,4.87,863.38,955.95,,,,,,2017-10-26
KAKATIYA TPS,1,,500.00,10.13,11.70,1915.38,1917.64,,,,,,2017-10-26
KAKATIYA TPS,2,,600.00,11.58,12.59,2191.08,2265.74,,,,,,2017-10-26
KOTHAGUDEM TPS,1,,60.00,0.94,1.13,195.44,217.17,,,,,,2017-10-26
KOTHAGUDEM TPS,2,,60.00,0.94,1.15,195.44,223.29,,,,,,2017-10-26
KOTHAGUDEM TPS,3,L,60.00,0.45,0.00,182.70,52.26,,60.0,20/05/2017 05:23,,TURBINE VIBRATIONS HIGH,2017-10-26
KOTHAGUDEM TPS,4,,60.00,1.81,1.09,190.91,226.10,,,,,,2017-10-26
KOTHAGUDEM TPS,5,,120.00,1.87,1.96,362.62,409.70,,,,,,2017-10-26
KOTHAGUDEM TPS,6,,120.00,0.00,1.79,340.00,338.28,,,,,,2017-10-26
KOTHAGUDEM TPS,7,,120.00,2.13,2.02,411.38,391.73,,,,,,2017-10-26
KOTHAGUDEM TPS,8,,120.00,1.87,1.84,390.62,360.97,,,,,,2017-10-26
KOTHAGUDEM TPS (NEW),1,,250.00,4.58,6.01,888.08,795.98,,,,,,2017-10-26
KOTHAGUDEM TPS (NEW),2,,250.00,4.39,5.73,918.14,1006.01,,,,,,2017-10-26
KOTHAGUDEM TPS (NEW),3,,500.00,9.42,11.96,1828.92,1733.55,,,,,,2017-10-26
RAMAGUNDEM - B TPS,1,,62.50,2.44,1.35,257.84,284.53,,,,,,2017-10-26
SINGARENI TPP,1,,600.00,8.23,14.55,1719.98,2557.29,,,,,,2017-10-26
SINGARENI TPP,2,,600.0,6.84,14.54,1428.84,2773.41,,,,,,2017-10-26
LOWER JURALA HPS,,,240.0,0.48,2.82,75.48,192.88,,,,,,2017-10-26
LOWER SILERU  HPS,,,460.0,3.06,4.23,598.56,481.92,115.0,,,,,2017-10-26
NAGARJUN SGR  HPS,,,815.6,7.35,0.00,947.10,30.87,,,,,,2017-10-26
NAGARJUN SGR  LBC  HPS,,,60.0,0.48,0.00,33.48,0.00,30.0,,,,,2017-10-26
POCHAMPAD  HPS,,,36.0,0.39,0.00,31.14,8.79,27.0,,,,,2017-10-26
PRIYADARSHNI  JURALA  HPS,,,234.0,0.65,2.60,162.90,188.06,,,,,,2017-10-26
PULICHINTALA HPS,,,30.0,0.35,0.40,138.10,1.82,,,,,,2017-10-26
SRISAILAM LB  HPS,,,900.0,6.1,9.93,921.60,550.06,,,,,,2017-10-26
RAMAGUNDEM STPS,1,,200.0,4.32,4.61,817.32,807.62,,,,,,2017-10-26
RAMAGUNDEM STPS,2,,200.0,4.52,4.56,787.52,734.23,,,,,,2017-10-26
RAMAGUNDEM STPS,3,,200.0,4.10,4.48,856.60,672.53,,,,,,2017-10-26
RAMAGUNDEM STPS,4,,500.0,11.29,11.96,1965.58,2137.96,,,,,,2017-10-26
RAMAGUNDEM STPS,5,,500.0,10.23,11.81,2137.98,2095.74,,,,,,2017-10-26
RAMAGUNDEM STPS,6,,500.0,10.23,12.02,2137.98,2186.68,,,,,,2017-10-26
RAMAGUNDEM STPS,7,,500.0,10.23,11.99,2137.98,2124.98,,,,,,2017-10-26
AND. NICOBAR DG,,,40.05,0.55,0.27,113.30,121.04,,,,,,2017-10-26
BARAUNI TPS,,,210.0,1.19,0.00,214.94,36.04,210.0,,,,,2017-10-26
BARAUNI TPS,6,P,105.00,0.32,0.00,48.32,0.00,,105.0,17/03/2012 13:15,,"R AND M / REFURBISHMENTWORKS",2017-10-26
BARAUNI TPS,7,L,105.00,0.87,0.00,166.62,36.04,,105.0,07/05/2017 07:26,,WATER WALL TUBE LEAKAGE,2017-10-26
BARAUNI TPS,8,,0.00,0.00,0.00,0.00,0.00,,,,,unit not yet commissioned,2017-10-26
BARAUNI TPS,9,,0.00,0.00,0.00,0.00,0.00,,,,,unit not yet commissioned,2017-10-26
BARH I,1,,0.00,0.00,0.00,0.00,0.00,,,,,unit not yet commissioned,2017-10-26
BARH II,,,1320.00,21.45,22.31,4148.70,4742.70,0,,,,,2017-10-26
BARH II,4,,660.00,10.26,11.22,2144.76,2638.65,,,,,,2017-10-26
BARH II,5,,660.00,11.19,11.09,2003.94,2104.05,,,,,,2017-10-26
KAHALGAON TPS,1,,210.00,4.19,4.62,729.94,890.40,,,,,,2017-10-26
KAHALGAON TPS,2,,210.00,4.06,4.61,849.56,881.33,,,,,,2017-10-26
KAHALGAON TPS,3,,210.00,3.77,4.71,791.02,898.53,,,,,,2017-10-26
KAHALGAON TPS,4,,210.00,4.19,4.80,876.94,738.13,,,,,,2017-10-26
KAHALGAON TPS,5,,500.00,9.00,11.32,1881.00,2050.78,,,,,,2017-10-26
KAHALGAON TPS,6,,500.00,9.97,11.09,1735.22,1656.56,,,,,,2017-10-26
KAHALGAON TPS,7,,500.00,9.00,11.52,1881.00,2021.14,,,,,,2017-10-26
MUZAFFARPUR TPS,1,,110.00,1.39,2.40,285.14,230.62,,,,,,2017-10-26
MUZAFFARPUR TPS,2,S,110.00,1.52,0.00,266.52,185.09,,110.0,23/10/2017 14:00,,COAL SHORTAGE,2017-10-26
MUZAFFARPUR TPS,3,,195.00,0.97,3.56,202.22,159.37,,,,,,2017-10-26
MUZAFFARPUR TPS,4,,195.00,0.84,3.36,21.84,265.03,,,,,,2017-10-26
NABI NAGAR TPP,1,,250.00,4.65,3.67,972.90,294.37,,,,,,2017-10-26
NABI NAGAR TPP,2,L,250.00,4.39,0.00,114.14,51.46,,250.0,03/08/2017 01:57,,NON STABLISED UNIT,2017-10-26
NABI NAGAR TPP,3,,0.00,0.00,0.00,0.00,0.00,,,,,unit not yet commissioned,2017-10-26
NABI NAGAR TPP,4,,0.00,0.00,0.00,0.00,0.00,,,,,unit not yet commissioned,2017-10-26
NEW NABI NAGAR TPP,1,,0.00,0.00,0.00,0.00,0.00,,,,,unit not yet commissioned,2017-10-26
TENUGHAT TPS,1,,210.0,3.16,3.86,608.16,420.01,,,,,,2017-10-26
TENUGHAT TPS,2,,210.0,3.16,4.07,608.16,446.30,,,,,,2017-10-26
SUBERNREKHA  HPS.,,,130.00,0.64,0.43,92.64,150.21,65.00,,,,,2017-10-26
JOJOBERA TPS,,,240.00,4.58,3.99,953.08,959.54,0.00,,,,,2017-10-26
JOJOBERA TPS,2,,120.0,2.29,2.00,476.54,477.54,,,,,,2017-10-26
JOJOBERA TPS,3,,120.0,2.29,1.99,476.54,482.00,,,,,,2017-10-26
JOJOBERA TPS,4,,0.0,0.00,0.00,0.00,0.00,,0.0,,,,2017-10-26
MAHADEV PRASAD STPP,1,,270.0,4.65,6.44,972.90,1124.14,,,,,,2017-10-26
MAHADEV PRASAD STPP,2,L,270.0,4.65,0.00,972.90,803.16,,270.0,07/09/2017 06:02,,ROTOR/ ROTOR EARTH FAULT,2017-10-26
MAITHON RB TPP,1,,525.0,11.06,12.40,1958.56,2114.06,,,,,,2017-10-26
MAITHON RB TPP,2,,525.0,10.10,12.44,2110.60,2399.99,,,,,,2017-10-26
MAITRISHI USHA TPS,1,,0.0,0.00,0.00,0.00,0.00,,,,,unit not yet commissioned,2017-10-26
MAITRISHI USHA TPS,2,,0.0,0.00,0.00,0.00,0.00,,,,,unit not yet commissioned,2017-10-26
BOKARO `B` TPS,1,L,0.0,1.52,0.00,315.52,25.23,,0.0,18/05/2017 15:58,,WATER WALL TUBE LEAKAGE,2017-10-26
BOKARO `B` TPS,2,L,0.0,1.52,0.00,315.52,167.77,,0.0,20/06/2017 05:52,,RSD/LOW SCHEDULE,2017-10-26
BOKARO `B` TPS,3,L,210.0,1.52,0.00,318.52,173.43,,210.0,02/10/2017 01:38,,COAL SHORTAGE,2017-10-26
BOKARO TPS `A` EXP,1,,500.0,6.16,8.58,1288.16,1458.89,,,,,,2017-10-26
CHANDRAPURA(DVC) TPS,,,630.00,12.55,10.00,2563.30,2446.25,1,130.00,,,,2017-10-26
CHANDRAPURA(DVC) TPS,2,L,0.0,1.58,0.00,296.08,109.32,,0.0,01/06/2017 21:36,,TURBINE VIBRATIONS HIGH,2017-10-26
CHANDRAPURA(DVC) TPS,3,L,130.0,1.58,0.00,304.08,211.79,,130.0,18/08/2017 04:35,,WATER WALL TUBE LEAKAGE,2017-10-26
CHANDRAPURA(DVC) TPS,7,,250.0,4.68,4.84,979.68,1076.48,,,,,,2017-10-26
CHANDRAPURA(DVC) TPS,8,,250.0,4.71,5.16,983.46,1048.66,,,,,,2017-10-26
KODARMA TPP,1,,500.0,7.35,8.94,1535.10,1101.51,,,,,,2017-10-26
KODARMA TPP,2,,500.0,7.38,8.82,1347.08,1882.63,,,,,,2017-10-26
PATRATU TPS,,,455.00,2.78,0.00,883.28,0.00,3,455.00,,,,2017-10-26
PATRATU TPS,4,L,40.0,0.23,0.00,98.98,0.00,,40.0,12/11/2016 06:11,,BOILER MISC. PROBLEM,2017-10-26
PATRATU TPS,6,L,90.0,0.00,0.00,250.00,0.00,,90.0,11/08/2015 16:25,,"VINTAGE UNIT WITHDRAWN ANDCLOSED FOR OPERATION",2017-10-26
PATRATU TPS,7,L,105.0,0.00,0.00,0.00,0.00,,105.0,30/09/2010 09:55,,"VINTAGE UNIT WITHDRAWN ANDCLOSED FOR OPERATION",2017-10-26
PATRATU TPS,9,L,110.0,1.26,0.00,263.76,0.00,,110.0,10/08/2006 19:55,,"VINTAGE UNIT WITHDRAWN ANDCLOSED FOR OPERATION",2017-10-26
PATRATU TPS,10,L,110.0,1.29,0.00,270.54,0.00,,110.0,23/01/2017 09:32,,"SWITCH YARD/TRIPPING OFTRANSMISSION LINES/BUS BARPROBLEM",2017-10-26
MAITHON  HPS.,,,63.20,0.61,0.05,89.86,93.98,,,,,,2017-10-26
PANCHET  HPS.,,,80.00,0.65,0.38,105.90,108.72,40.00,,,,,2017-10-26
IB VALLEY TPS,1,*,210.0,4.52,0.03,848.52,871.19,,210.0,24/10/2017 15:41,"26/10/201723.07.00",SUPER HEATER TUBE LEAKAGE,2017-10-26
IB VALLEY TPS,2,,210.0,4.55,4.51,790.30,683.35,,,,,,2017-10-26
IB VALLEY TPS,3,,0.0,0.00,0.00,0.00,0.00,,,,,unit not yet commissioned,2017-10-26
BALIMELA  HPS.,,,510.00,3.29,2.93,878.54,1207.29,60.00,,,,,2017-10-26
CHIPLIMA HPS,,,72.00,1.06,0.00,184.56,146.64,24.00,,,,,2017-10-26
HIRAKUD HPS,,,275.50,3.61,2.42,496.86,510.52,75.00,,,,,2017-10-26
MACHKUND  HPS,,,114.75,1.42,1.25,276.92,297.25,,,,,,2017-10-26
RENGALI  HPS.,,,250.00,2.61,3.44,544.86,639.12,50.00,,,,,2017-10-26
UPPER  INDRAVATI  HPS.,,,600.00,6.52,5.04,1403.52,1234.71,,,,,,2017-10-26
UPPER KOLAB  HPS.,,,320.00,2.39,1.56,589.14,476.47,160.00,,,,,2017-10-26
DERANG TPP,1,L,600.0,9.03,0.00,1887.78,342.83,,600.0,05/05/2017 00:03,,Coal Transportation Problems,2017-10-26
DERANG TPP,2,,600.0,9.03,11.50,1887.78,1426.00,,,,,,2017-10-26
ICCL IMP,,,0.00,0.81,0.11,168.06,168.65,,,,,,2017-10-26
ICCL IMP,2,,0.0,0.81,0.11,168.06,168.65,,,,,,2017-10-26
KAMALANGA TPS,1,L,350.0,5.48,0.00,1144.48,744.51,,350.0,27/09/2017 18:43,,COAL SHORTAGE,2017-10-26
KAMALANGA TPS,2,,350.0,5.87,7.08,1226.62,1224.07,,,,,,2017-10-26
KAMALANGA TPS,3,,350.0,5.48,6.64,1144.48,1199.00,,,,,,2017-10-26
LANCO BABANDH TPP,1,,0.0,0.00,0.00,0.00,0.00,,,,,unit not yet commissioned,2017-10-26
NALCO IMP,1,,0.0,0.68,0.00,143.68,171.82,,,,,,2017-10-26
STERLITE TPP,1,L,600.0,0.00,0.00,0.00,0.00,,600.0,15/12/2016 23:53,,"out from installed capacity/plfcalculation",2017-10-26
STERLITE TPP,2,L,600.0,8.23,0.00,1716.98,702.88,,600.0,28/06/2017 00:00,,SEAL OIL SYSTEM PROBLEM,2017-10-26
STERLITE TPP,3,L,0.0,0.00,0.00,0.00,0.00,,0.0,01/03/2017 00:00,,"out from installed capacity/plfcalculation",2017-10-26
STERLITE TPP,4,L,0.0,0.00,0.00,0.00,0.00,,0.0,01/03/2017 00:00,,"out from installed capacity/plfcalculation",2017-10-26
UTKAL TPP (IND BARATH),1,L,350.0,0.00,0.00,0.00,0.00,,350.0,29/02/2016 00:13,,TRANSMISSION CONSTRAINTS,2017-10-26
UTKAL TPP (IND BARATH),2,,0.0,0.00,0.00,0.00,0.00,,,,,unit not yet commissioned,2017-10-26
TALCHER (OLD) TPS,1,,60.0,0.00,1.51,281.92,308.00,,,,,,2017-10-26
TALCHER (OLD) TPS,2,,60.0,1.32,1.50,257.32,286.01,,,,,,2017-10-26
TALCHER (OLD) TPS,3,,60.0,1.32,1.48,257.32,279.76,,,,,,2017-10-26
TALCHER (OLD) TPS,4,,60.00,1.32,1.51,257.32,285.73,,,,,,2017-10-26
TALCHER (OLD) TPS,5,L,110.00,2.65,0.00,458.90,441.62,,110.0,22/09/2017 04:26,,STATOR/ STATOR EARTH FAULT,2017-10-26
TALCHER (OLD) TPS,6,,110.00,2.52,2.66,530.52,510.10,,,,,,2017-10-26
TALCHER STPS,1,,500.00,0.00,11.33,2240.00,2210.28,,,,,,2017-10-26
TALCHER STPS,2,,500.00,10.26,12.05,2144.76,2312.48,,,,,,2017-10-26
TALCHER STPS,3,,500.00,11.71,12.04,1922.46,1764.82,,,,,,2017-10-26
TALCHER STPS,4,,500.00,11.71,12.05,1922.46,1780.43,,,,,,2017-10-26
TALCHER STPS,5,,500.00,10.26,11.68,2144.76,2285.70,,,,,,2017-10-26
TALCHER STPS,6,,500.00,10.26,12.00,2144.76,2285.61,,,,,,2017-10-26
TEESTA-III HPS,,,1200.00,16.29,15.12,4173.54,3434.33,,,,,,2017-10-26
CHUZACHEN HPS,,,99.00,1.81,1.06,413.06,384.45,,,,,,2017-10-26
DIKCHU HPS,,,96.00,0.00,1.06,0.00,316.42,,,,,,2017-10-26
JORETHANG LOOP,,,96.00,1.87,1.37,389.62,332.40,,,,,,2017-10-26
TASHIDING,,,0.00,1.23,0.00,333.98,0.00,,,,,,2017-10-26
RANGIT HPS,,,60.00,1.39,1.43,248.14,250.27,,,,,,2017-10-26
TEESTA V HPS,,,510.00,8.32,9.28,2017.32,2257.64,,,,,,2017-10-26
BAKRESWAR TPS,1,,210.00,0.00,4.25,929.97,879.19,,,,,,2017-10-26
BAKRESWAR TPS,2,,210.00,4.10,4.28,856.60,914.95,,,,,,2017-10-26
BAKRESWAR TPS,3,S,210.00,4.10,3.01,856.60,850.16,,210.0,26/10/2017 20:40,"26/10/201700.00.00",TURBINE OIL SYSTEM PROBLEM,2017-10-26
BAKRESWAR TPS,4,S,210.00,4.35,0.00,820.10,769.30,,210.0,25/10/2017 14:41,,ECONOMISER TUBE LEAKAGE,2017-10-26
BAKRESWAR TPS,5,,210.00,4.35,4.19,819.10,887.08,,,,,,2017-10-26
BANDEL TPS,1,L,60.00,0.48,0.00,99.48,147.27,,60.0,18/10/2017 00:28,,COAL SHORTAGE,2017-10-26
BANDEL TPS,2,,60.00,0.45,0.61,92.70,142.41,,,,,,2017-10-26
BANDEL TPS,3,S,60.00,0.48,0.00,56.48,69.87,,60.0,14/10/2017 05:45,,SUPER HEATER TUBE LEAKAGE,2017-10-26
BANDEL TPS,4,L,60.00,0.00,0.00,58.00,82.81,,60.0,24/10/2017 01:56,,SUPER HEATER TUBE LEAKAGE,2017-10-26
BANDEL TPS,5,,210.00,3.39,4.04,706.14,702.85,,,,,,2017-10-26
D.P.L. TPS,,,660.00,6.87,4.68,1435.62,1634.75,3,410.00,,,,2017-10-26
D.P.L. TPS,6,L,110.00,0.00,0.00,0.00,1.01,,110.0,27/06/2017 09:37,,POLLUTION PROBLEM,2017-10-26
D.P.L. TPS,7,S,300.00,3.45,0.00,719.70,937.83,,300.0,20/10/2017 19:30,,UNECONOMICAL OPERATION,2017-10-26
D.P.L. TPS,8,,250.00,3.42,4.68,715.92,695.91,,,,,,2017-10-26
KOLAGHAT TPS,1,,210.00,0.00,2.82,423.52,515.35,,,,,,2017-10-26
KOLAGHAT TPS,2,S,210.00,2.23,0.00,465.98,309.61,,210.0,22/10/2017 02:38,,"GEN. TRANSORMER  PROTECTIONRELAY OPERATION PROBLEM",2017-10-26
KOLAGHAT TPS,3,L,210.00,0.00,0.00,299.00,0.00,,210.0,22/02/2017 05:05,,POLLUTION PROBLEM,2017-10-26
KOLAGHAT TPS,4,,210.00,2.87,3.36,599.62,721.39,,,,,,2017-10-26
KOLAGHAT TPS,5,,210.00,4.06,4.65,849.56,856.15,,,,,,2017-10-26
KOLAGHAT TPS,6,L,210.00,3.90,0.00,577.40,266.78,,210.0,11/06/2017 01:36,,STATOR/ STATOR EARTH FAULT,2017-10-26
SAGARDIGHI TPS,1,S,300.00,3.77,0.00,788.02,918.10,,300.0,24/10/2017 23:00,,COAL SHORTAGE,2017-10-26
SAGARDIGHI TPS,2,,300.00,4.26,6.02,890.76,1095.47,,,,,,2017-10-26
SAGARDIGHI TPS,3,L,500.00,4.65,0.00,972.90,941.41,,500.0,20/10/2017 20:49,,"MISC. SHORT DURATIONMAINTENANCE",2017-10-26
SAGARDIGHI TPS,4,,500.00,2.87,7.26,599.62,764.90,,,,,,2017-10-26
SANTALDIH TPS,,,500.00,11.45,6.00,2213.70,1482.18,7,250.00,,,,2017-10-26
SANTALDIH TPS,5,L,250.00,5.74,0.00,1055.24,295.04,,250.0,26/05/2017 01:10,,STATOR/ STATOR EARTH FAULT,2017-10-26
SANTALDIH TPS,6,,250.00,5.71,6.00,1158.46,1187.14,,,,,,2017-10-26
HALDIA GT (Liq.),,,40.00,0.0,0.00,0.00,0.00,40.00,,,,,2017-10-26
KASBA GT (Liq.),,,40.00,0.0,0.00,0.00,0.00,40.00,,,,,2017-10-26
JALDHAKA  HPS ST-I,,,36.00,0.65,0.80,122.90,81.94,,,,,,2017-10-26
PURULIA PSS  HPS.,,,900.00,3.23,2.09,683.98,548.54,,,,,,2017-10-26
RAMMAM  HPS.,,,50.00,1.03,0.91,178.78,54.49,12.50,,,,,2017-10-26
BUDGE BUDGE TPS,1,,250.0,5.52,6.06,1154.52,1252.98,,,,,,2017-10-26
BUDGE BUDGE TPS,2,,250.0,5.32,5.96,1110.32,1231.81,,,,,,2017-10-26
BUDGE BUDGE TPS,3,,250.0,5.32,6.14,1110.32,1260.53,,,,,,2017-10-26
CHINAKURI TPS,1,,0.0,0.00,0.00,0.00,0.00,,0.0,,,,2017-10-26
CHINAKURI TPS,2,,0.0,0.00,0.00,0.00,0.00,,0.0,,,,2017-10-26
CHINAKURI TPS,3,,0.0,0.00,0.00,0.00,0.00,,0.0,,,,2017-10-26
HALDIA TPP,1,,300.0,6.00,6.63,1254.00,1314.08,,,,,,2017-10-26
HALDIA TPP,2,,300.0,5.74,7.04,1202.24,1302.52,,,,,,2017-10-26
INDIA POWER TPP (HALDIA),1,L,150.0,0.00,0.00,0.00,12.17,,150.0,12/06/2017 11:12,,NON STABLISED UNIT,2017-10-26
INDIA POWER TPP (HALDIA),2,,0.0,0.00,0.00,0.00,0.00,,,,,unit not yet commissioned,2017-10-26
INDIA POWER TPP (HALDIA),3,,0.0,0.00,0.00,0.00,0.00,,,,,unit not yet commissioned,2017-10-26
INDIA POWER TPP (HALDIA),1,S,67.5,0.52,0.00,106.52,88.24,,67.5,24/10/2017 20:42,,RSD/LOW SCHEDULE,2017-10-26
INDIA POWER TPP (HALDIA),2,S,67.5,0.48,0.51,102.48,127.67,,67.5,26/10/2017 19:26,,RSD/LOW SCHEDULE,2017-10-26
TITAGARH TPS,1,L,60.0,0.00,0.00,0.00,0.00,,60.0,10/10/2016 04:57,,"RESERVE SHUT DOWN / STANDBYUNIT",2017-10-26
TITAGARH TPS,2,L,60.0,0.00,0.00,0.00,0.00,,60.0,09/10/2016 04:57,,"RESERVE SHUT DOWN / STANDBYUNIT",2017-10-26
TITAGARH TPS,3,L,60.0,0.00,0.00,0.00,0.00,,60.0,10/10/2016 04:18,,"RESERVE SHUT DOWN / STANDBYUNIT",2017-10-26
TITAGARH TPS,4,L,60.0,0.00,0.00,0.00,0.00,,60.0,09/10/2016 05:36,,"RESERVE SHUT DOWN / STANDBYUNIT",2017-10-26
DURGAPUR STEEL TPS,1,,500.0,9.16,11.91,1915.16,1395.94,,,,,,2017-10-26
DURGAPUR STEEL TPS,2,S,500.0,9.19,0.00,1683.94,1945.47,,500.0,12/10/2017 12:45,,COAL SHORTAGE,2017-10-26
DURGAPUR TPS,,,210.00,0.94,0.00,195.44,417.42,21,210.00,,,,2017-10-26
DURGAPUR TPS,4,S,210.0,0.94,0.00,195.44,417.42,,210.0,25/10/2017 15:50,"01/11/201700.00.00",REHEATER TUBE LEAKAGE,2017-10-26
FARAKKA STPS,1,S,200.0,3.90,0.00,679.40,689.31,,200.0,23/10/2017 05:10,,PIPES and VALVES BOILER SIDE,2017-10-26
FARAKKA STPS,2,,200.0,3.55,3.35,740.30,718.86,,,,,,2017-10-26
FARAKKA STPS,3,,200.0,3.90,3.59,679.40,656.81,,,,,,2017-10-26
FARAKKA STPS,4,,500.0,0.00,9.58,1842.00,1862.07,,,,,,2017-10-26
FARAKKA STPS,5,,500.0,9.16,10.77,1796.16,1549.91,,,,,,2017-10-26
FARAKKA STPS,6,,500.0,9.74,8.39,2035.24,1776.06,,,,,,2017-10-26
MEJIA TPS,1,,210.0,2.48,4.13,520.48,779.22,,,,,,2017-10-26
MEJIA TPS,2,,210.0,2.42,4.42,506.92,570.21,,,,,,2017-10-26
MEJIA TPS,3,S,210.0,2.42,0.00,455.92,660.38,,210.0,22/10/2017 02:05,,COAL SHORTAGE,2017-10-26
MEJIA TPS,4,,210.0,2.42,4.26,455.92,249.43,,,,,,2017-10-26
MEJIA TPS,5,L,250.0,4.00,0.00,836.00,810.68,,250.0,22/09/2017 00:09,,WATER WALL TUBE LEAKAGE,2017-10-26
MEJIA TPS,6,,250.0,3.77,4.91,788.02,1091.91,,,,,,2017-10-26
MEJIA TPS,7,,500.0,8.74,9.04,1686.24,2072.21,,,,,,2017-10-26
MEJIA TPS,8,L,500.0,8.74,0.00,1826.24,970.61,,500.0,07/08/2017 03:10,,COAL SHORTAGE,2017-10-26
RAGHUNATHPUR TPP,1,L,600.0,2.74,0.00,572.24,773.90,,600.0,27/09/2017 19:54,,COAL SHORTAGE,2017-10-26
RAGHUNATHPUR TPP,2,L,600.0,2.74,0.00,572.24,326.19,,600.0,09/08/2017 23:43,,COAL SHORTAGE,2017-10-26
TEESTA LOW DAM-III HPS,,,132.00,2.0,1.80,431.00,284.90,33.00,,,,,2017-10-26
TEESTA LOW DAM-IV HPS,,,160.00,2.74,2.20,574.24,370.87,40.00,,,,,2017-10-26
KAMENG HPS,,,0.00,0.0,0.00,0.00,0.00,,,,,,2017-10-26
PARE,,,0.00,0.68,0.00,79.68,0.00,,,,,,2017-10-26
RANGANADI  HPS.,,,405.00,3.23,3.70,977.98,1153.62,,,,,,2017-10-26
RANGANADI  HPS.,1,L,0.0,0.00,0.00,0.00,0.00,,0.0,07/05/1999 07:00,,UNECONOMICAL OPERATION,2017-10-26
RANGANADI  HPS.,2,L,0.0,0.00,0.00,0.00,0.00,,0.0,16/06/1999 23:20,,UNECONOMICAL OPERATION,2017-10-26
LAKWA GT,,,127.20,2.48,2.08,502.48,408.86,37.20,,,,,2017-10-26
NAMRUP CCPP,,,161.25,0.9,0.50,188.40,174.73,0.00,,,,,2017-10-26
KARBI LANGPI  HPS.,,,100.00,1.45,2.41,324.70,354.11,,,,,,2017-10-26
BONGAIGAON TPP,1,,250.0,4.39,5.17,918.14,358.87,,,,,,2017-10-26
BONGAIGAON TPP,2,S,250.0,0.00,0.00,0.00,52.87,,250.0,19/10/2017 09:56,,BOILER MISC. PROBLEM,2017-10-26
BONGAIGAON TPP,3,,0.0,0.00,0.00,0.00,0.00,,,,,unit not yet commissioned,2017-10-26
KATHALGURI CCPP,,,291.00,4.71,3.87,989.46,928.82,,,,,,2017-10-26
KOPILI  HPS.,,,225.00,3.77,4.64,718.02,786.18,25.00,,,,,2017-10-26
LEIMAKHONG DG,,,36.0,0.00,0.00,0.00,0.00,,,,,,2017-10-26
LOKTAK  HPS.,,,105.0,2.26,2.53,370.76,520.43,,,,,,2017-10-26
KYRDEMKULAI  HPS.,,,60.0,0.55,0.52,82.30,72.87,,,,,,2017-10-26
MYNTDU(LESHKA) St-1 HPS,,,126.0,1.35,1.48,386.10,460.24,,,,,,2017-10-26
NEW UMTRU HPS,,,40.0,0.26,0.97,26.76,82.82,20.0,,,,,2017-10-26
UMIAM  HPS ST-I,,,36.0,0.48,0.51,65.48,77.80,9.0,,,,,2017-10-26
UMIAM HPS ST-IV,,,60.0,0.81,0.86,122.06,149.05,,,,,,2017-10-26
KHONDONG  HPS.,,,50.0,0.65,1.21,154.90,199.94,,,,,,2017-10-26
TUIRIAL HPS,,,30.0,0.84,0.00,39.84,0.11,,,,,,2017-10-26
DOYANG  HPS.,,,75.0,0.84,1.78,188.84,227.52,,,,,,2017-10-26
BARAMURA GT,,,58.5,0.58,0.50,117.08,99.30,,,,,,2017-10-26
ROKHIA GT,,,111.0,1.06,1.12,222.56,241.57,16.0,,,,,2017-10-26
AGARTALA GT,,,135.0,2.72,1.89,556.72,405.93,,,,,,2017-10-26
MONARCHAK CCPP,,,101.0,0.00,2.01,0.00,401.09,,,,,,2017-10-26
null,,,0.0,19.00,13.97,3581.00,4465.19,,,,,,2017-10-26
CHUKHA,,,0.0,6.29,3.04,534.54,1350.05,,,,,,2017-10-26
KURICHU,,,0.0,0.84,1.39,204.84,324.35,,,,,,2017-10-26
TALA,,,0.0,11.87,9.54,2841.62,2790.79,,,,,,2017-10-26
