name,unit,outage_status,capacity,day prog,day gen,month cumm prog,month cumm gen,coal stock,cap under outage,outage_day_time,expected_resync,remarks,datetime
RAJGHAT TPS,1,L,67.5,0.00,0.00,0.00,0.00,,67.5,08/05/2015 13:40,,RSD/LOW SCHEDULE,2018-02-28
RAJGHAT TPS,2,L,67.5,0.00,0.00,0.00,0.00,,67.5,21/05/2015 10:20,,RSD/LOW SCHEDULE,2018-02-28
I.P.CCPP,,,270.00,1.89,0.97,646.00,531.43,,,,,,2018-02-28
PRAGATI CCGT-III,,,1500.00,6.0,6.57,2014.00,2710.72,250.00,,,,,2018-02-28
PRAGATI CCPP,,,330.40,5.49,6.70,1831.00,1859.16,,,,,,2018-02-28
RITHALA CCPP,,,108.00,0.0,0.00,0.00,0.00,108.00,,,,,2018-02-28
BADARPUR TPS,1,L,95.0,0.00,0.00,0.00,0.00,,95.0,17/10/2014 18:16,,POLLUTION PROBLEM,2018-02-28
BADARPUR TPS,2,L,95.0,0.00,0.00,0.00,0.00,,95.0,24/09/2015 19:52,,POLLUTION PROBLEM,2018-02-28
BADARPUR TPS,3,L,95.0,0.00,0.00,0.00,0.00,,95.0,09/10/2015 19:52,,POLLUTION PROBLEM,2018-02-28
BADARPUR TPS,4,L,210.0,2.89,0.00,911.00,717.84,,210.0,16/10/2017 23:32,,POLLUTION PROBLEM,2018-02-28
BADARPUR TPS,5,L,210.0,2.89,0.00,911.00,839.13,,210.0,16/10/2017 23:59,,POLLUTION PROBLEM,2018-02-28
PANIPAT TPS,,,920.00,2.18,7.77,1481.00,2110.64,14,670.00,,,,2018-02-28
PANIPAT TPS,5,L,210.0,0.00,0.00,0.00,76.06,,210.0,15/10/2017 01:,,"RESERVE SHUT DOWN / STANDBYUNIT",2018-02-28
PANIPAT TPS,5,L,210.0,0.00,0.00,0.00,76.06,,210.0,02,,"RESERVE SHUT DOWN / STANDBYUNIT",2018-02-28
PANIPAT TPS,6,L,210.0,0.00,0.00,0.00,273.11,,210.0,09/01/2018 20:22,,"RESERVE SHUT DOWN / STANDBYUNIT",2018-02-28
PANIPAT TPS,7,*,250.0,2.18,4.14,733.00,1109.85,,250.0,21/02/2018 18:29,"28/02/201806.16.00","RESERVE SHUT DOWN / STANDBYUNIT",2018-02-28
PANIPAT TPS,8,*,250.0,0.00,3.63,748.00,651.62,,,16/02/2018 12:27,"28/02/201808.15.00",RSD/LOW SCHEDULE,2018-02-28
RAJIV GANDHI TPS,1,,600.0,7.57,12.46,2265.00,1944.21,,,,,,2018-02-28
RAJIV GANDHI TPS,2,S,600.0,6.86,0.00,2284.00,2139.27,,600.0,27/02/2018 21:19,,WATER WALL TUBE LEAKAGE,2018-02-28
YAMUNA NAGAR TPS,1,P,300.0,4.93,0.00,1648.00,1441.35,,300.0,31/01/2018 22:27,,CAPITAL MAINTENANCE,2018-02-28
YAMUNA NAGAR TPS,2,,300.0,4.93,6.77,1648.00,1825.24,,,,,,2018-02-28
MAHATMA GANDHI TPS,1,,660.0,6.04,14.65,1925.00,3393.37,,,,,,2018-02-28
MAHATMA GANDHI TPS,2,,660.0,5.96,14.44,1815.00,3141.80,,,,,,2018-02-28
INDIRA GANDHI STPP,1,S,500.0,5.29,0.00,1743.00,2335.17,,500.0,17/02/2018 00:25,,RSD/LOW SCHEDULE,2018-02-28
INDIRA GANDHI STPP,2,,500.0,5.00,11.27,1652.00,2206.58,,,,,,2018-02-28
INDIRA GANDHI STPP,3,,500.0,4.89,11.48,1636.00,2431.95,,,,,,2018-02-28
FARIDABAD CCPP,,,431.59,3.43,0.00,1144.00,689.12,137.76,,,,,2018-02-28
BASSI  HPS,,,66.00,0.25,0.20,290.00,309.17,33.00,,,,,2018-02-28
BHAKRA H  P S,,,1325.00,11.18,14.10,4337.00,4752.64,216.00,,,,,2018-02-28
DEHAR H P S,,,990.00,3.57,2.93,2742.00,2994.44,330.00,,,,,2018-02-28
GIRI BATA HPS,,,60.00,0.39,0.20,181.00,165.56,,,,,,2018-02-28
KASHANG INTEGRATED HEP,,,195.0,0.21,0.14,238.00,193.67,,,,,,2018-02-28
LARJI  HPS,,,126.0,0.50,0.61,562.00,594.60,42.0,,,,,2018-02-28
PONG H P S,,,396.0,2.29,5.39,885.00,1500.49,,,,,,2018-02-28
SAINJ HPS,,,100.0,0.50,0.30,307.00,126.94,,,,,,2018-02-28
SANJAY  HPS,,,120.0,0.46,0.55,506.00,475.34,40.0,,,,,2018-02-28
UHL-III HPS,,,0.0,0.43,0.00,12.00,0.00,,,,,,2018-02-28
ALLAIN DUHANGAN  HPS,,,192.0,0.71,0.35,680.00,672.08,,,,,,2018-02-28
BASPA  HPS,,,300.0,0.89,1.01,1220.00,1308.82,,,,,,2018-02-28
BUDHIL HPS,,,70.0,0.18,0.16,274.00,312.95,,,,,,2018-02-28
CHANJU-I HPS,,,36.0,0.00,0.13,0.00,78.46,,,,,,2018-02-28
KARCHAM WANGTOO HPS,,,1000.0,2.96,3.50,4130.00,4460.30,,,,,,2018-02-28
MALANA  HPS,,,86.0,0.18,0.23,333.00,340.25,,,,,,2018-02-28
MALANA-II  HPS,,,100.0,0.14,0.23,355.00,362.97,,,,,,2018-02-28
SORANG HPS,,,0.0,0.00,0.00,0.00,0.00,,,,,,2018-02-28
TIDONG HPS,,,0.0,0.36,0.00,192.00,0.00,,,,,,2018-02-28
BAIRA SIUL  HPS,,,180.0,1.14,0.88,618.00,612.45,120.0,,,,,2018-02-28
CHAMERA- I  HPS,,,540.0,2.14,1.97,2213.00,2274.15,,,,,,2018-02-28
CHAMERA- II  HPS,,,300.0,1.43,1.36,1390.00,1442.10,,,,,,2018-02-28
CHAMERA-III HPS,,,231.0,0.79,0.78,1010.00,1040.19,,,,,,2018-02-28
KOLDAM,,,800.0,2.46,2.69,2945.00,3237.82,,,,,,2018-02-28
NATHPA JHAKRI HPS,,,1500.0,6.18,6.25,6549.00,7008.81,250.0,,,,,2018-02-28
PARBATI-III HPS,,,520.0,0.46,0.40,655.00,699.33,260.0,,,,,2018-02-28
RAMPUR HPS,,,412.02,1.79,1.80,1800.00,1959.75,68.67,,,,,2018-02-28
PAMPORE GPS (Liq.),,,175.00,0.0,0.00,0.00,0.00,,,,,,2018-02-28
BAGLIHAR  HPS,,,450.00,3.79,0.00,2280.00,2515.06,,,,,,2018-02-28
BAGLIHAR II  HPS,,,450.00,0.0,3.48,1302.00,1703.37,150.00,,,,,2018-02-28
LOWER JHELUM  HPS,,,105.00,1.11,0.62,502.00,440.06,,,,,,2018-02-28
UPPER SINDH-II HPS,,,105.00,0.21,0.32,279.00,322.44,,,,,,2018-02-28
CHUTAK HPS,,,44.00,0.18,0.12,45.00,42.06,33.00,,,,,2018-02-28
DULHASTI  HPS,,,390.00,2.64,2.93,2099.00,2264.43,,,,,,2018-02-28
KISHENGANGA HPS,,,0.00,1.25,0.00,427.00,0.00,,,,,,2018-02-28
NIMMO BAZGO HPS,,,45.00,0.36,0.35,79.00,88.41,15.00,,,,,2018-02-28
SALAL  HPS,,,690.00,4.04,3.29,3115.00,3144.38,115.00,,,,,2018-02-28
SEWA-II  HPS,,,120.00,1.75,2.97,443.00,470.13,,,,,,2018-02-28
URI-I HPS,,,480.00,6.07,3.22,2455.00,2173.47,240.00,,,,,2018-02-28
URI-II HPS,,,240.00,2.86,1.93,997.00,1105.95,,,,,,2018-02-28
GH TPS (LEH.MOH.),1,,210.0,2.11,4.78,704.00,453.03,,,,,,2018-02-28
GH TPS (LEH.MOH.),2,L,210.0,2.11,0.00,704.00,509.05,,210.0,12/02/2018 17:19,,RSD/LOW SCHEDULE,2018-02-28
GH TPS (LEH.MOH.),3,L,250.0,3.25,0.00,1089.00,871.35,,250.0,31/01/2018 21:05,,RSD/LOW SCHEDULE,2018-02-28
GH TPS (LEH.MOH.),4,*,250.0,2.89,1.89,960.00,697.75,,250.0,12/02/2018 12:50,"28/02/201813.48.00",RSD/LOW SCHEDULE,2018-02-28
GND TPS(BHATINDA),1,P,110.0,0.25,0.00,83.00,10.20,,110.0,27/09/2017 08:40,,UNIT LIKELY TO BE SCRAPPED.,2018-02-28
GND TPS(BHATINDA),2,P,110.0,0.25,0.00,83.00,16.05,,110.0,25/09/2017 14:09,,UNIT LIKELY TO BE SCRAPPED.,2018-02-28
GND TPS(BHATINDA),3,P,110.0,0.29,0.00,99.00,170.21,,110.0,22/09/2017 01:02,,UNIT LIKELY TO BE SCRAPPED.,2018-02-28
GND TPS(BHATINDA),4,P,110.0,0.29,0.00,99.00,104.87,,110.0,23/09/2017 22:,,UNIT LIKELY TO BE SCRAPPED.,2018-02-28
GND TPS(BHATINDA),4,P,110.0,0.29,0.00,99.00,104.87,,110.0,35,,UNIT LIKELY TO BE SCRAPPED.,2018-02-28
ROPAR TPS,1,P,210.0,2.07,0.00,687.00,144.09,,210.0,28/12/2017 00:40,,UNIT LIKELY TO BE SCRAPPED.,2018-02-28
ROPAR TPS,2,P,210.0,2.07,0.00,687.00,272.96,,210.0,25/12/2017 22:50,,UNIT LIKELY TO BE SCRAPPED.,2018-02-28
ROPAR TPS,3,L,210.0,1.79,0.00,594.00,280.34,,210.0,17/10/2017 23:20,,RSD/LOW SCHEDULE,2018-02-28
ROPAR TPS,4,L,210.0,2.07,0.00,687.00,366.40,,210.0,18/10/2017 19:25,,RSD/LOW SCHEDULE,2018-02-28
ROPAR TPS,5,,210.0,1.79,4.65,594.00,488.12,,,,,,2018-02-28
ROPAR TPS,6,L,210.0,1.79,0.00,594.00,401.25,,210.0,02/02/2018 20:45,,RSD/LOW SCHEDULE,2018-02-28
ANANDPUR SAHIB HPS,,,134.00,2.04,2.17,668.00,593.86,,,,,,2018-02-28
GANGUWAL  HPS,,,77.65,1.39,1.78,393.00,439.32,,,,,,2018-02-28
KOTLA  HPS,,,77.65,1.21,1.33,390.00,452.33,,,,,,2018-02-28
MUKERIAN  HPS,,,207.00,3.2,4.45,998.00,1143.35,,,,,,2018-02-28
RANJIT SAGAR  HPS,,,600.00,3.07,2.15,1565.00,1763.76,150.00,,,,,2018-02-28
SHANAN  HPS,,,110.00,0.43,0.34,495.00,498.17,95.00,,,,,2018-02-28
GOINDWAL SAHIB TPP,1,,270.0,2.07,5.35,687.00,1019.33,,,,,,2018-02-28
GOINDWAL SAHIB TPP,2,L,270.0,2.07,0.00,687.00,398.36,,270.0,25/01/2018 23:56,,"ASH HANDLING SYSTEMPROBLEM",2018-02-28
RAJPURA TPP,1,,700.0,12.07,16.54,4027.00,4347.57,,,,,,2018-02-28
RAJPURA TPP,2,,700.0,10.96,16.51,3661.00,3800.51,,,,,,2018-02-28
TALWANDI SABO TPP,1,,660.0,6.04,14.36,2014.00,2629.00,,,,,,2018-02-28
TALWANDI SABO TPP,2,,660.0,6.04,14.46,2014.00,2585.17,,,,,,2018-02-28
TALWANDI SABO TPP,3,S,660.0,6.04,0.00,2014.00,2551.16,,660.0,27/02/2018 23:56,,MAIN STEAM LINE PROBLEM,2018-02-28
CHHABRA TPP,1,,250.00,4.79,5.82,1457.00,1450.92,,,,,,2018-02-28
CHHABRA TPP,2,,250.00,4.79,5.82,1457.00,1360.18,,,,,,2018-02-28
CHHABRA TPP,3,,250.00,4.79,5.93,1502.00,1154.26,,,,,,2018-02-28
CHHABRA TPP,4,,250.00,4.79,5.87,1457.00,1600.54,,,,,,2018-02-28
CHHABRA TPP,5,,660.00,6.04,8.46,1833.00,1099.89,,,,,,2018-02-28
GIRAL TPS,1,P,125.00,0.00,0.00,0.00,0.00,,125.0,11/07/2014 08:20,"03/06/201800.00.00",UNIT LIKELY TO BE SCRAPPED.,2018-02-28
GIRAL TPS,2,P,125.00,0.00,0.00,0.00,0.00,,125.0,27/01/2016 15:27,"12/07/201800.00.00",UNIT LIKELY TO BE SCRAPPED.,2018-02-28
KALISINDH TPS,1,,600.00,10.18,14.05,3184.00,3036.23,,,,,,2018-02-28
KALISINDH TPS,2,,600.00,10.18,14.10,3184.00,2890.74,,,,,,2018-02-28
KOTA TPS,1,L,110.00,1.46,0.00,456.00,384.68,,110.0,01/02/2018 18:28,,BOILER MISC. PROBLEM,2018-02-28
KOTA TPS,2,,110.00,1.46,2.39,456.00,397.99,,,,,,2018-02-28
KOTA TPS,3,,210.00,4.54,4.87,1309.00,989.12,,,,,,2018-02-28
KOTA TPS,4,S,210.00,4.21,3.80,1320.00,1074.19,,210.0,28/02/2018 19:00,,WATER WALL TUBE LEAKAGE,2018-02-28
KOTA TPS,5,,210.00,4.21,4.92,1320.00,996.31,,,,,,2018-02-28
KOTA TPS,6,,195.00,3.93,4.87,1229.00,1278.31,,,,,,2018-02-28
KOTA TPS,7,,195.00,3.79,4.92,1182.00,1375.24,,,,,,2018-02-28
SURATGARH TPS,1,L,250.00,2.68,0.00,835.00,926.05,,250.0,01/01/2018 06:39,,"GENERATOR PROTECTION RELAYOPERATION PROBLEM",2018-02-28
SURATGARH TPS,2,S,250.00,2.68,0.00,835.00,777.75,,250.0,23/02/2018 15:07,,FUEL OIL PROBLEM,2018-02-28
SURATGARH TPS,3,,250.00,2.68,5.54,835.00,648.52,,,,,,2018-02-28
SURATGARH TPS,4,,250.00,2.71,5.73,835.00,849.59,,,,,,2018-02-28
SURATGARH TPS,5,,250.00,2.68,5.78,835.00,800.13,,,,,,2018-02-28
SURATGARH TPS,6,,250.00,2.65,5.79,836.00,507.75,,,,,,2018-02-28
SURATGARH TPS,7,,0.00,4.11,0.00,1369.00,0.00,,,,,unit not yet commissioned,2018-02-28
SURATGARH TPS,8,,0.00,0.00,0.00,0.00,0.00,,,,,unit not yet commissioned,2018-02-28
DHOLPUR CCPP,,,330.00,0.54,0.00,183.00,247.72,330.0,,,,,2018-02-28
RAMGARH CCPP,,,273.80,4.15,4.40,1376.00,1320.38,40.5,,,,,2018-02-28
JAWAHAR SAGAR  HPS,,,99.00,1.39,1.38,221.00,234.45,,,,,,2018-02-28
MAHI BAJAJ  HPS,,,140.00,0.89,0.56,135.00,157.39,90.0,,,,,2018-02-28
R P SAGAR  HPS,,,172.00,1.96,2.23,300.00,338.12,,,,,,2018-02-28
JALIPA KAPURDI TPP,1,,135.00,2.54,3.18,791.00,785.00,,,,,,2018-02-28
JALIPA KAPURDI TPP,2,,135.00,2.50,3.24,812.00,748.57,,,,,,2018-02-28
JALIPA KAPURDI TPP,3,,135.00,2.50,3.19,773.00,747.41,,,,,,2018-02-28
JALIPA KAPURDI TPP,4,,135.00,0.00,3.21,777.00,777.40,,,,,,2018-02-28
JALIPA KAPURDI TPP,5,,135.00,2.61,3.18,768.00,762.27,,,,,,2018-02-28
JALIPA KAPURDI TPP,6,,135.00,2.68,3.18,766.00,803.18,,,,,,2018-02-28
JALIPA KAPURDI TPP,7,,135.00,2.50,3.18,772.00,802.53,,,,,,2018-02-28
JALIPA KAPURDI TPP,8,,135.00,2.50,3.21,772.00,794.14,,,,,,2018-02-28
KAWAI TPS,1,L,660.00,11.75,0.00,3636.00,2023.40,,660.0,06/01/2018 08:31,"10/03/201800.00.00",COAL SHORTAGE,2018-02-28
KAWAI TPS,2,L,660.00,11.21,0.00,3652.00,2863.78,,660.0,13/01/2018 18:52,"08/03/201800.00.00",COAL SHORTAGE,2018-02-28
BARSINGSAR LIGNITE,1,,125.00,2.25,2.61,680.00,790.59,,,,,,2018-02-28
BARSINGSAR LIGNITE,2,,125.00,2.25,2.60,680.00,735.49,,,,,,2018-02-28
ANTA CCPP,,,419.33,1.64,0.00,547.00,429.28,419.33,,,,,2018-02-28
DAE (RAJASTHAN),1,L,100.00,0.00,0.00,0.00,0.00,,100.0,09/10/2004 22:58,,GENERATOR EARTH FAULT,2018-02-28
RAJASTHAN  A.P.S.,,,1080.00,21.86,20.74,6915.00,8005.99,220.0,,,,,2018-02-28
RAJASTHAN  A.P.S.,2,,200.00,3.82,4.74,1281.00,1408.71,,,,,,2018-02-28
RAJASTHAN  A.P.S.,3,,220.00,4.50,5.14,1500.00,1717.92,,,,,,2018-02-28
RAJASTHAN  A.P.S.,4,,220.0,4.50,5.31,1316.00,1491.50,,,,,,2018-02-28
RAJASTHAN  A.P.S.,5,,220.0,5.04,5.55,1482.00,1849.66,,,,,,2018-02-28
RAJASTHAN  A.P.S.,6,L,220.0,4.00,0.00,1336.00,1538.20,,220.0,06/02/2018 00:00,,REACTOR MAINTENANCE WORKS.,2018-02-28
CHIBRO (YAMUNA)  HPS,,,240.00,1.21,0.71,773.00,758.68,240.00,,,,,2018-02-28
CHILLA  HPS,,,144.00,1.86,1.76,691.00,760.50,36.00,,,,,2018-02-28
DHAKRANI  HPS,,,33.75,0.21,0.13,128.00,125.36,22.50,,,,,2018-02-28
DHALIPUR  HPS,,,51.00,0.36,0.18,174.00,180.46,17.00,,,,,2018-02-28
KHATIMA  HPS,,,41.40,0.32,0.36,227.00,201.99,,,,,,2018-02-28
KHODRI  HPS,,,120.00,0.61,0.33,356.00,344.10,120.00,,,,,2018-02-28
KULHAL  HPS,,,30.00,0.29,0.16,134.00,118.67,20.00,,,,,2018-02-28
MANERI BHALI - I  HPS,,,90.00,0.79,0.61,353.00,376.50,,,,,,2018-02-28
MANERI BHALI - II  HPS,,,304.00,1.25,1.44,1305.00,1234.90,,,,,,2018-02-28
RAMGANGA  HPS,,,198.00,1.79,0.86,272.00,224.74,,,,,,2018-02-28
BETA CCPP,,,0.00,0.0,0.00,0.00,0.00,,,,,,2018-02-28
GAMA CCPP,,,225.00,1.11,0.00,367.00,560.66,,,,,,2018-02-28
KASHIPUR CCPP,,,225.00,1.11,0.00,367.00,1062.33,,,,,,2018-02-28
SRINAGAR HPS,,,330.00,1.21,1.07,1298.00,1350.83,,,,,,2018-02-28
VISHNU PRAYAG  HPS,,,400.00,1.79,1.53,1744.00,2112.32,,,,,,2018-02-28
DHAULI GANGA  HPS,,,280.00,1.0,0.81,1067.00,1126.46,140.00,,,,,2018-02-28
KOTESHWAR HPS,,,400.00,3.36,3.12,1083.00,1129.30,,,,,,2018-02-28
TANAKPUR  HPS,,,94.20,0.61,0.52,432.00,444.55,62.80,,,,,2018-02-28
TEHRI ST-1  HPS,,,1000.00,8.57,7.51,2683.00,2868.62,,,,,,2018-02-28
ANPARA TPS,1,,210.0,4.04,4.77,1281.00,1406.15,,,,,,2018-02-28
ANPARA TPS,2,,210.0,4.21,4.99,1276.00,938.89,,,,,,2018-02-28
ANPARA TPS,3,,210.0,4.04,4.77,1281.00,1432.38,,,,,,2018-02-28
ANPARA TPS,4,,500.0,11.14,12.02,3225.00,3510.39,,,,,,2018-02-28
ANPARA TPS,5,,500.0,10.29,10.33,3438.00,2838.23,,,,,,2018-02-28
ANPARA TPS,6,,500.0,10.29,11.51,3253.00,3496.06,,,,,,2018-02-28
ANPARA TPS,7,,500.0,9.79,11.41,3264.00,1518.95,,,,,,2018-02-28
HARDUAGANJ TPS,,,605.00,12.36,13.43,3816.00,3502.71,5,0.00,,,,2018-02-28
HARDUAGANJ TPS,5,L,0.0,0.00,0.00,0.00,0.00,,0.0,07/02/2015 20:40,"21/04/201800.00.00","VINTAGE UNIT WITHDRAWN ANDCLOSED FOR OPERATION",2018-02-28
HARDUAGANJ TPS,7,,105.0,1.50,2.10,453.00,209.11,,,,,,2018-02-28
HARDUAGANJ TPS,8,,250.0,5.54,5.65,1679.00,1625.45,,,,,,2018-02-28
HARDUAGANJ TPS,9,,250.0,5.32,5.68,1684.00,1668.15,,,,,,2018-02-28
OBRA TPS,1,L,0.0,0.00,0.00,0.00,0.00,,0.0,06/08/2016 13:17,"04/05/201800.00.00",WATER WALL TUBE LEAKAGE,2018-02-28
OBRA TPS,2,L,0.0,0.00,0.00,0.00,54.04,,0.0,01/07/2017 00:50,,Other Commercial Reason,2018-02-28
OBRA TPS,7,P,94.0,0.00,0.00,0.00,0.00,,94.0,26/06/2010 13:25,"06/05/201800.00.00","R AND M / REFURBISHMENTWORKS",2018-02-28
OBRA TPS,8,L,94.0,0.00,0.00,0.00,0.00,,94.0,21/06/2011 17:15,,"VINTAGE UNIT WITHDRAWN ANDCLOSED FOR OPERATION",2018-02-28
OBRA TPS,9,P,200.0,0.00,0.00,1062.00,939.56,,200.0,11/12/2017 00:01,,"BOILER OVERHAUL/ ANNUALMAINTENANCE",2018-02-28
OBRA TPS,10,,200.0,3.36,3.89,1062.00,1090.67,,,,,,2018-02-28
OBRA TPS,11,,200.0,0.00,4.21,0.00,1199.22,,,,,,2018-02-28
OBRA TPS,12,P,200.0,0.00,0.00,0.00,0.00,,200.0,01/10/2016 14:01,"01/10/201800.00.00","R AND M / REFURBISHMENTWORKS",2018-02-28
OBRA TPS,13,*,200.0,3.18,1.67,1067.00,771.01,,,28/02/2018 07:25,"28/02/201815.18.00",P.A. FANS PROBLEM,2018-02-28
PANKI TPS,,,210.00,2.72,0.00,914.00,338.69,5,210.00,,,,2018-02-28
PANKI TPS,3,L,105.0,1.36,0.00,457.00,148.22,,105.0,24/10/2017 17:50,,COAL SHORTAGE,2018-02-28
PANKI TPS,4,L,105.0,1.36,0.00,457.00,190.47,,105.0,22/10/2017 21:23,,I.D. FANS PROBLEM,2018-02-28
PARICHHA TPS,1,P,110.0,0.00,0.00,0.00,0.00,,110.0,07/07/2016 17:59,"23/04/201800.00.00","R AND M / REFURBISHMENTWORKS",2018-02-28
PARICHHA TPS,2,,110.0,2.07,2.02,653.00,230.42,,,,,,2018-02-28
PARICHHA TPS,3,,210.0,4.32,4.66,1315.00,1336.78,,,,,,2018-02-28
PARICHHA TPS,4,,210.0,4.40,4.70,1350.00,1333.65,,,,,,2018-02-28
PARICHHA TPS,5,,250.0,5.40,5.65,1714.00,1381.82,,,,,,2018-02-28
PARICHHA TPS,6,,250.0,0.00,5.66,1670.00,1578.61,,,,,,2018-02-28
KHARA  HPS,,,72.00,0.54,0.31,298.00,249.00,24.00,,,,,2018-02-28
MATATILA  HPS,,,30.60,0.29,0.49,101.00,88.51,,,,,,2018-02-28
OBRA  HPS,,,99.00,0.5,1.14,181.00,277.57,33.00,,,,,2018-02-28
RIHAND  HPS,,,300.00,1.46,2.63,510.00,777.38,150.00,,,,,2018-02-28
ANPARA C TPS,1,,600.0,10.96,13.00,3661.00,3837.29,,,,,,2018-02-28
ANPARA C TPS,2,,600.0,11.64,13.41,3639.00,3806.39,,,,,,2018-02-28
BARKHERA TPS,1,P,45.0,0.00,0.00,211.00,89.97,,45.0,21/02/2018 14:54,"30/03/201800.00.00","RESCHEDULED ANNUALMAINTENANCE",2018-02-28
BARKHERA TPS,2,P,45.0,0.64,0.00,213.00,87.66,,45.0,21/02/2018 14:54,"30/03/201800.00.00","RESCHEDULED ANNUALMAINTENANCE",2018-02-28
KHAMBARKHERA TPS,1,P,45.0,0.64,0.00,214.00,83.45,,45.0,16/02/2018 10:13,"30/03/201800.00.00","RESCHEDULED ANNUALMAINTENANCE",2018-02-28
KHAMBARKHERA TPS,2,P,45.0,0.64,0.00,214.00,83.09,,45.0,18/02/2018 00:00,"30/03/201800.00.00","RESCHEDULED ANNUALMAINTENANCE",2018-02-28
KUNDARKI TPS,1,P,45.0,0.00,0.00,211.00,86.43,,45.0,17/02/2018 23:59,"30/03/201800.00.00","RESCHEDULED ANNUALMAINTENANCE",2018-02-28
KUNDARKI TPS,2,P,45.0,0.64,0.00,214.00,91.22,,45.0,17/02/2018 23:59,"30/03/201800.00.00","RESCHEDULED ANNUALMAINTENANCE",2018-02-28
LALITPUR TPS,1,L,660.0,10.00,0.00,3120.00,2305.05,,660.0,22/01/2018 00:17,,COAL SHORTAGE,2018-02-28
LALITPUR TPS,2,L,660.0,9.39,0.00,3137.00,3086.08,,660.0,26/01/2018 05:01,,COAL SHORTAGE,2018-02-28
LALITPUR TPS,3,S,660.0,3.14,0.00,1046.00,2556.00,,660.0,23/02/2018 00:54,,COAL SHORTAGE,2018-02-28
MAQSOODPUR TPS,1,P,45.0,0.64,0.00,214.00,71.82,,45.0,24/02/2018 00:45,"30/03/201800.00.00","RESCHEDULED ANNUALMAINTENANCE",2018-02-28
MAQSOODPUR TPS,2,P,45.0,0.64,0.00,214.00,95.54,,45.0,21/02/2018 00:35,"30/03/201800.00.00","RESCHEDULED ANNUALMAINTENANCE",2018-02-28
PRAYAGRAJ TPP,1,L,660.0,6.18,0.00,2059.00,2293.25,,660.0,03/01/2018 05:55,,COAL SHORTAGE,2018-02-28
PRAYAGRAJ TPP,2,,660.0,6.18,10.46,2059.00,1878.19,,,,,,2018-02-28
PRAYAGRAJ TPP,3,S,660.0,0.00,0.00,0.00,1011.07,,660.0,20/02/2018 21:37,"28/02/201800.00.00",COAL SHORTAGE,2018-02-28
ROSA TPP Ph-I,1,,300.0,4.93,5.94,1648.00,1846.42,,,,,,2018-02-28
ROSA TPP Ph-I,2,,300.0,2.96,6.42,1615.00,1845.95,,,,,,2018-02-28
ROSA TPP Ph-I,3,,300.0,10.50,5.82,1638.00,1741.85,,,,,,2018-02-28
ROSA TPP Ph-I,4,,300.0,4.93,5.88,1648.00,1678.52,,,,,,2018-02-28
UTRAULA TPS,1,P,45.0,0.64,0.00,214.00,88.63,,45.0,11/02/2018 10:30,,"RESCHEDULED ANNUALMAINTENANCE",2018-02-28
UTRAULA TPS,2,P,45.0,0.64,0.00,214.00,89.86,,45.0,12/02/2018 18:45,,"RESCHEDULED ANNUALMAINTENANCE",2018-02-28
DADRI (NCTPP),1,,210.0,3.21,4.23,1064.00,973.58,,,,,,2018-02-28
DADRI (NCTPP),2,,210.0,3.25,4.14,999.00,762.83,,,,,,2018-02-28
DADRI (NCTPP),3,,210.0,3.04,4.27,1005.00,1042.01,,,,,,2018-02-28
DADRI (NCTPP),4,,210.0,3.25,4.17,999.00,1034.73,,,,,,2018-02-28
DADRI (NCTPP),5,,490.0,7.32,10.53,2424.00,2785.82,,,,,,2018-02-28
DADRI (NCTPP),6,P,490.0,7.64,0.00,2414.00,2518.13,,490.0,03/02/2018 01:33,,"BOILER OVERHAUL/ ANNUALMAINTENANCE",2018-02-28
MEJA STPP,1,,0.0,0.00,0.00,0.00,0.00,,,,,unit not yet commissioned,2018-02-28
MEJA STPP,2,,0.0,0.00,0.00,0.00,0.00,,,,,unit not yet commissioned,2018-02-28
RIHAND STPS,1,,500.0,11.14,11.26,3306.00,3796.29,,,,,,2018-02-28
RIHAND STPS,2,,500.0,10.00,11.54,3340.00,3436.05,,,,,,2018-02-28
RIHAND STPS,3,,500.0,11.04,12.24,3309.00,3727.70,,,,,,2018-02-28
RIHAND STPS,4,,500.00,10.00,12.15,3340.00,3367.71,,,,,,2018-02-28
RIHAND STPS,5,,500.00,10.00,12.07,3340.00,3783.41,,,,,,2018-02-28
RIHAND STPS,6,,500.00,10.89,12.06,3313.00,3439.04,,,,,,2018-02-28
SINGRAULI STPS,1,,200.00,3.93,4.03,1314.00,1115.75,,,,,,2018-02-28
SINGRAULI STPS,2,,200.00,4.29,4.52,1302.00,1508.11,,,,,,2018-02-28
SINGRAULI STPS,3,,200.00,4.36,4.06,1300.00,1263.05,,,,,,2018-02-28
SINGRAULI STPS,4,,200.00,3.93,4.09,1314.00,1307.50,,,,,,2018-02-28
SINGRAULI STPS,5,,200.00,3.93,3.94,1314.00,1302.55,,,,,,2018-02-28
SINGRAULI STPS,6,,500.00,10.93,11.31,3324.00,3548.08,,,,,,2018-02-28
SINGRAULI STPS,7,,500.00,11.11,12.18,3319.00,3670.38,,,,,,2018-02-28
TANDA TPS,1,,110.00,2.36,2.56,702.00,671.58,,,,,,2018-02-28
TANDA TPS,2,,110.00,2.11,2.55,710.00,795.06,,,,,,2018-02-28
TANDA TPS,3,,110.00,2.29,2.52,705.00,737.77,,,,,,2018-02-28
TANDA TPS,4,,110.00,2.11,2.58,710.00,794.34,,,,,,2018-02-28
UNCHAHAR TPS,1,,210.00,3.93,4.55,1217.00,1183.41,,,,,,2018-02-28
UNCHAHAR TPS,2,,210.00,3.68,4.50,1227.00,1149.99,,,,,,2018-02-28
UNCHAHAR TPS,3,,210.00,3.68,4.46,1227.00,1211.02,,,,,,2018-02-28
UNCHAHAR TPS,4,,210.00,3.93,4.57,1217.00,1288.53,,,,,,2018-02-28
UNCHAHAR TPS,5,,210.00,3.93,4.52,1217.00,1254.99,,,,,,2018-02-28
UNCHAHAR TPS,6,L,500.00,0.00,0.00,0.00,365.34,,500.0,01/11/2017 15:38,,FURNACE DRAFT ABNORMAL,2018-02-28
AURAIYA CCPP,,,663.36,2.19,0.00,731.00,376.97,663.36,,,,,2018-02-28
DADRI CCPP,,,829.78,6.00,3.86,2010.00,1536.50,439.21,,,,,2018-02-28
NARORA  A.P.S.,1,,220.00,4.50,5.29,1500.00,1675.46,,,,,,2018-02-28
NARORA  A.P.S.,2,,220.00,4.00,5.35,1332.00,1649.61,,,,,,2018-02-28
DSPM TPS,1,,250.00,5.31,6.04,1642.00,1864.23,,,,,,2018-02-28
DSPM TPS,2,,250.00,5.25,6.05,1747.00,1824.04,,,,,,2018-02-28
KORBA-II,1,L,50.00,0.71,0.00,227.00,13.10,,50.0,05/07/2017 21:46,,WATER WALL TUBE LEAKAGE,2018-02-28
KORBA-II,2,L,50.00,0.68,0.00,229.00,74.29,,50.0,23/10/2017 20:53,,"MILLING SYSTEM /RC FEEDERPROBLEM",2018-02-28
KORBA-II,3,,50.00,0.71,0.84,227.00,229.35,,,,,,2018-02-28
KORBA-II,4,S,50.00,0.71,0.00,227.00,185.34,,50.0,25/02/2018 15:29,,"MILLING SYSTEM /RC FEEDERPROBLEM",2018-02-28
KORBA-III,1,,120.00,2.04,1.95,636.00,538.32,,,,,,2018-02-28
KORBA-III,2,,120.00,1.93,1.95,640.00,597.69,,,,,,2018-02-28
KORBA-WEST TPS,1,,210.00,4.11,4.96,1272.00,1229.95,,,,,,2018-02-28
KORBA-WEST TPS,2,,210.00,3.82,3.74,1281.00,1097.90,,,,,,2018-02-28
KORBA-WEST TPS,3,,210.00,3.82,4.58,1281.00,1329.16,,,,,,2018-02-28
KORBA-WEST TPS,4,,210.00,4.32,4.79,1267.00,1164.21,,,,,,2018-02-28
KORBA-WEST TPS,5,,500.00,9.32,11.78,3111.00,3635.20,,,,,,2018-02-28
MARWA TPS,1,,500.00,2.75,11.52,915.00,2464.65,,,,,,2018-02-28
MARWA TPS,2,P,500.00,8.21,0.00,2746.00,2743.33,,500.0,15/02/2018 23:40,,"BOILER OVERHAUL/ ANNUALMAINTENANCE",2018-02-28
HASDEOBANGO  HPS,,,120.00,0.36,0.16,240.00,175.50,,,,,,2018-02-28
AKALTARA TPS,1,,0.00,0.00,0.00,0.00,0.00,,,,,unit not yet commissioned,2018-02-28
AKALTARA TPS,2,L,600.00,0.00,0.00,0.00,0.00,,600.0,21/01/2018 14:22,,NON STABLISED UNIT,2018-02-28
AKALTARA TPS,3,L,600.00,8.21,0.00,2746.00,2518.36,,600.0,04/02/2018 12:36,,TURBINE MISC. PROBLEMS,2018-02-28
AKALTARA TPS,4,S,600.0,8.21,0.00,2746.00,2913.62,,600.0,22/02/2018 00:01,,TURBINE MISC. PROBLEMS,2018-02-28
AVANTHA BHANDAR,1,L,600.0,6.86,0.00,2284.00,572.13,,600.0,22/05/2017 22:12,,STATOR/ STATOR EARTH FAULT,2018-02-28
BALCO TPS,1,,300.0,4.11,5.97,1369.00,1328.55,,,,,,2018-02-28
BALCO TPS,2,L,300.0,4.11,0.00,1369.00,901.65,,300.0,08/02/2018 23:34,,"ASH HANDLING SYSTEMPROBLEM",2018-02-28
BANDAKHAR TPP,1,,300.0,4.11,7.34,1369.00,2001.35,,,,,,2018-02-28
BARADARHA TPS,1,,600.0,8.89,10.76,2973.00,2915.18,,,,,,2018-02-28
BARADARHA TPS,2,,600.0,8.89,9.51,2973.00,3002.08,,,,,,2018-02-28
BINJKOTE TPP,1,,300.0,2.21,5.15,131.00,551.14,,,,,,2018-02-28
BINJKOTE TPP,2,,0.0,0.00,0.00,0.00,0.00,,,,,unit not yet commissioned,2018-02-28
CHAKABURA TPP,1,,0.0,0.00,0.00,0.00,44.07,,,,,unit not yet commissioned,2018-02-28
CHAKABURA TPP,2,,30.0,0.54,0.73,182.00,204.30,,,,,,2018-02-28
KASAIPALLI TPP,1,,135.0,2.46,3.29,823.00,950.72,,,,,,2018-02-28
KASAIPALLI TPP,2,,135.0,2.64,3.29,817.00,908.52,,,,,,2018-02-28
KATGHORA TPP,1,L,35.0,0.00,0.00,0.00,0.00,,35.0,15/10/2012 00:28,,NO Power purchase agreement,2018-02-28
NAWAPARA TPP,1,,300.0,4.11,5.68,1369.00,1279.76,,,,,,2018-02-28
NAWAPARA TPP,2,,300.0,4.43,5.36,262.00,1131.60,,,,,,2018-02-28
OP JINDAL TPS,1,,250.0,3.00,5.33,998.00,668.04,,,,,,2018-02-28
OP JINDAL TPS,2,L,250.0,3.64,0.00,1156.00,1314.64,,250.0,11/02/2018 00:00,,COAL SHORTAGE,2018-02-28
OP JINDAL TPS,3,L,250.0,3.00,0.00,1002.00,1256.21,,250.0,17/11/2017 21:44,,COAL SHORTAGE,2018-02-28
OP JINDAL TPS,4,L,250.0,2.71,0.00,831.00,800.32,,250.0,24/09/2017 00:00,,COAL SHORTAGE,2018-02-28
PATHADI STAGE II,1,,0.0,5.57,0.00,328.00,0.00,,,,,unit not yet commissioned,2018-02-28
PATHADI TPP,1,,300.0,4.93,7.34,1648.00,1819.69,,,,,,2018-02-28
PATHADI TPP,2,,300.0,4.93,7.33,1648.00,2017.70,,,,,,2018-02-28
RAIKHEDA TPP,1,L,685.0,2.18,0.00,733.00,368.38,,685.0,22/07/2017 01:56,,RSD/LOW SCHEDULE,2018-02-28
RAIKHEDA TPP,2,,685.0,2.18,13.29,733.00,654.35,,,,,,2018-02-28
RATIJA TPS,1,,50.0,0.82,1.21,274.00,287.88,,,,,,2018-02-28
RATIJA TPS,2,,50.0,0.29,1.23,91.00,385.71,,,,,,2018-02-28
SALORA TPP,1,L,135.0,0.00,0.00,0.00,0.00,,135.0,19/10/2014 04:30,,NO Power purchase agreement,2018-02-28
SALORA TPP,2,,0.0,0.00,0.00,0.00,0.00,,,,,unit not yet commissioned,2018-02-28
SINGHITARAI TPP,1,,0.0,0.00,0.00,0.00,0.00,,,,,unit not yet commissioned,2018-02-28
SINGHITARAI TPP,2,,0.0,0.00,0.00,0.00,0.00,,,,,unit not yet commissioned,2018-02-28
SVPL TPP,1,L,63.0,0.86,0.00,272.00,27.13,,63.0,28/05/2017 12:43,,"TURBINE ROTORFAILURE/DAMAGED",2018-02-28
SWASTIK KORBA TPP,1,L,25.0,0.00,0.00,0.00,0.00,,25.0,01/04/2015 00:20,,NO Power purchase agreement,2018-02-28
TAMNAR TPP,1,L,600.0,4.11,0.00,1369.00,394.53,,600.0,25/11/2017 17:41,,"ASH HANDLING SYSTEMPROBLEM",2018-02-28
TAMNAR TPP,2,S,600.0,4.11,0.00,1369.00,1846.97,,600.0,20/02/2018 01:00,,"ASH HANDLING SYSTEMPROBLEM",2018-02-28
TAMNAR TPP,3,,600.0,4.11,12.17,1369.00,3507.95,,,,,,2018-02-28
TAMNAR TPP,4,L,600.0,0.00,0.00,0.00,535.92,,600.0,05/01/2018 21:15,,"RESERVE SHUT DOWN / STANDBYUNIT",2018-02-28
UCHPINDA TPP,1,S,360.0,2.50,0.00,838.00,1180.47,,360.0,13/02/2018 18:52,,COAL SHORTAGE,2018-02-28
UCHPINDA TPP,2,L,360.0,2.50,0.00,838.00,121.56,,360.0,21/11/2017 19:50,,TURBINE MISC. PROBLEM,2018-02-28
UCHPINDA TPP,3,L,360.0,0.00,0.00,0.00,50.68,,360.0,12/09/2017 08:43,,NON STABLISED UNIT,2018-02-28
UCHPINDA TPP,4,,0.0,0.00,0.00,0.00,0.00,,,,,unit not yet commissioned,2018-02-28
BHILAI TPS,1,,250.00,5.14,6.01,1714.00,1831.80,,,,,,2018-02-28
BHILAI TPS,2,,250.00,5.14,6.02,1714.00,1680.00,,,,,,2018-02-28
KORBA STPS,1,,200.00,4.46,3.82,1365.00,1196.36,,,,,,2018-02-28
KORBA STPS,2,,200.00,4.46,4.98,1366.00,1399.17,,,,,,2018-02-28
KORBA STPS,3,,200.00,4.11,4.89,1379.00,1515.99,,,,,,2018-02-28
KORBA STPS,4,,500.00,10.32,12.17,3445.00,3731.96,,,,,,2018-02-28
KORBA STPS,5,,500.00,11.21,12.18,3415.00,3371.16,,,,,,2018-02-28
KORBA STPS,6,,500.00,10.43,12.26,3440.00,3753.90,,,,,,2018-02-28
KORBA STPS,7,,500.00,11.07,12.01,3420.00,3608.95,,,,,,2018-02-28
LARA TPP,1,,0.00,0.00,0.00,0.00,0.00,,,,,unit not yet commissioned,2018-02-28
LARA TPP,2,,0.00,0.00,0.00,0.00,0.00,,,,,unit not yet commissioned,2018-02-28
SIPAT STPS,1,,660.00,14.57,10.55,4431.00,4522.92,,,,,,2018-02-28
SIPAT STPS,2,,660.00,13.39,14.92,4469.00,5098.53,,,,,,2018-02-28
SIPAT STPS,3,,660.00,13.39,12.88,4469.00,4237.15,,,,,,2018-02-28
SIPAT STPS,4,,500.00,10.07,9.84,3362.00,3789.63,,,,,,2018-02-28
SIPAT STPS,5,P,500.00,10.82,0.00,3339.00,3509.02,,500.0,04/02/2018 23:50,,"BOILER OVERHAUL/ ANNUALMAINTENANCE",2018-02-28
AKRIMOTA LIG TPS,1,,125.00,2.21,2.57,671.00,613.29,,,,,,2018-02-28
AKRIMOTA LIG TPS,2,,125.0,2.21,2.57,671.00,587.25,,,,,,2018-02-28
BHAVNAGAR CFBC TPP,1,,250.0,0.54,3.28,182.00,433.95,,,,,,2018-02-28
BHAVNAGAR CFBC TPP,2,L,250.0,0.00,0.00,0.00,18.70,,250.0,22/08/2017 16:34,,LIGNITE SHORTAGE,2018-02-28
GANDHI NAGAR TPS,,,630.00,6.36,14.33,1905.00,3377.25,3,,,,,2018-02-28
GANDHI NAGAR TPS,3,,210.0,2.11,4.63,636.00,1078.83,,,,,,2018-02-28
GANDHI NAGAR TPS,4,,210.0,2.14,4.61,633.00,994.53,,,,,,2018-02-28
GANDHI NAGAR TPS,5,,210.0,2.11,5.09,636.00,1303.89,,,,,,2018-02-28
KUTCH LIG. TPS,1,S,70.0,1.18,0.00,364.00,296.07,,70.0,23/02/2018 21:17,,"MILLING SYSTEM /RC FEEDERPROBLEM",2018-02-28
KUTCH LIG. TPS,2,,70.0,1.18,1.13,389.00,334.94,,,,,,2018-02-28
KUTCH LIG. TPS,3,,75.0,1.18,1.64,364.00,305.35,,,,,,2018-02-28
KUTCH LIG. TPS,4,,75.0,1.18,1.38,365.00,254.34,,,,,,2018-02-28
SIKKA REP. TPS,1,L,0.0,0.00,0.00,0.00,0.00,,0.0,26/09/2016 18:00,,RSD/LOW SCHEDULE,2018-02-28
SIKKA REP. TPS,2,L,0.0,0.00,0.00,0.00,0.00,,0.0,24/09/2016 13:05,,"ASH HANDLING SYSTEMPROBLEM",2018-02-28
SIKKA REP. TPS,3,,250.0,2.89,4.82,909.00,1274.99,,,,,,2018-02-28
SIKKA REP. TPS,4,,250.0,2.89,6.15,909.00,1137.93,,,,,,2018-02-28
UKAI TPS,1,L,0.0,0.00,0.00,0.00,0.00,,0.0,07/05/2016 03:18,,EXCITATION PROBLEM,2018-02-28
UKAI TPS,2,L,0.0,0.00,0.00,0.00,0.00,,0.0,12/07/2016 20:00,,"RESERVE SHUT DOWN / STANDBYUNIT",2018-02-28
UKAI TPS,3,,200.0,2.04,4.76,637.00,1183.44,,,,,,2018-02-28
UKAI TPS,4,,200.0,2.04,4.79,679.00,976.29,,,,,,2018-02-28
UKAI TPS,5,,210.0,1.93,5.04,640.00,1236.36,,,,,,2018-02-28
UKAI TPS,6,,500.0,8.64,11.81,2631.00,2771.58,,,,,,2018-02-28
WANAKBORI TPS,1,S,210.0,1.57,0.00,523.00,967.58,,210.0,24/02/2018 11:51,,TURBINE BEARING PROBLEM,2018-02-28
WANAKBORI TPS,2,P,210.0,1.71,0.00,520.00,780.95,,210.0,08/01/2018 12:49,,"BOILER OVERHAUL/ ANNUALMAINTENANCE",2018-02-28
WANAKBORI TPS,3,,210.0,2.14,5.07,505.00,664.71,,,,,,2018-02-28
WANAKBORI TPS,4,,210.0,1.57,4.86,523.00,1103.81,,,,,,2018-02-28
WANAKBORI TPS,5,,210.0,1.68,4.93,520.00,1015.93,,,,,,2018-02-28
WANAKBORI TPS,6,,210.0,1.68,4.95,520.00,1033.54,,,,,,2018-02-28
WANAKBORI TPS,7,,210.0,1.57,5.05,523.00,1328.23,,,,,,2018-02-28
DHUVARAN CCPP,,,594.72,0.81,1.24,274.00,544.97,,,,,,2018-02-28
HAZIRA CCPP,,,156.10,0.33,0.00,108.00,1.06,,,,,,2018-02-28
HAZIRA CCPP EXT,,,351.00,0.64,0.00,206.00,193.34,351.00,,,,,2018-02-28
PIPAVAV CCPP,,,702.00,1.36,0.00,458.00,168.06,702.00,,,,,2018-02-28
UTRAN CCPP,,,374.00,0.62,0.00,188.00,217.46,374.00,,,,,2018-02-28
KADANA  HPS,,,240.00,0.82,0.81,273.00,300.55,180.00,,,,,2018-02-28
S SAROVAR CHPH  HPS,,,250.00,2.82,0.00,743.00,563.74,50.00,,,,,2018-02-28
S SAROVAR RBPH  HPS,,,1200.00,2.36,0.00,3580.00,376.61,200.00,,,,,2018-02-28
UKAI  HPS,,,300.00,1.57,1.83,530.00,284.04,,,,,,2018-02-28
MUNDRA TPS,1,L,330.0,5.93,0.00,1913.00,1520.66,,330.0,07/01/2018 06:46,,"CONDENSER TUBE LEAKAGE/CLEANING",2018-02-28
MUNDRA TPS,2,L,330.0,5.46,0.00,1829.00,1982.52,,330.0,20/01/2018 22:30,,COAL SHORTAGE,2018-02-28
MUNDRA TPS,3,L,330.0,5.75,0.00,1921.00,1518.28,,330.0,21/01/2018 22:11,,COAL SHORTAGE,2018-02-28
MUNDRA TPS,4,L,330.0,5.75,0.00,1921.00,1401.63,,330.0,14/12/2017 08:43,,"BOILER FEED PUMP/MOTORPROBLEM",2018-02-28
MUNDRA TPS,5,L,660.0,11.79,0.00,3934.00,2132.03,,660.0,01/11/2017 23:43,,AIR PREHEATERS PROBLEM,2018-02-28
MUNDRA TPS,6,L,660.0,13.71,0.00,3924.00,1757.13,,660.0,20/10/2017 20:20,,TURBINE BEARING PROBLEM,2018-02-28
MUNDRA TPS,7,S,660.0,11.79,13.57,3934.00,3704.42,,,28/02/2018 23:10,"02/03/201800.00.00",COAL SHORTAGE,2018-02-28
MUNDRA TPS,8,,660.0,12.93,14.40,3998.00,3687.10,,,,,,2018-02-28
MUNDRA TPS,9,L,660.0,11.93,0.00,3980.00,3974.42,,660.0,24/01/2018 09:15,,COAL SHORTAGE,2018-02-28
MUNDRA UMTPP,1,,800.0,15.04,19.42,3809.00,3648.93,,,,,,2018-02-28
MUNDRA UMTPP,2,S,800.0,17.64,0.00,5367.00,5833.96,,800.0,27/02/2018 04:58,"01/03/201800.00.00",H.P.  AND L.P.  bypass system,2018-02-28
MUNDRA UMTPP,3,,800.0,16.21,20.06,5173.00,5028.65,,,,,,2018-02-28
MUNDRA UMTPP,4,,800.0,18.60,20.01,4153.00,4707.10,,,,,,2018-02-28
MUNDRA UMTPP,5,,800.0,15.57,18.95,5516.00,4836.10,,,,,,2018-02-28
SABARMATI (C STATION),,,60.00,0.0,0.00,0.00,0.01,1,60.00,,,,2018-02-28
SABARMATI (C STATION),15,L,30.0,0.00,0.00,0.00,0.00,,30.0,05/05/2017 17:55,,RSD/LOW SCHEDULE,2018-02-28
SABARMATI (C STATION),16,L,30.0,0.00,0.00,0.00,0.01,,30.0,05/05/2017 17:45,,RSD/LOW SCHEDULE,2018-02-28
SABARMATI (D-F STATIONS),1,,120.0,2.14,2.72,676.00,759.87,,,,,,2018-02-28
SABARMATI (D-F STATIONS),2,,121.0,2.25,2.90,733.00,838.15,,,,,,2018-02-28
SABARMATI (D-F STATIONS),3,,121.0,2.29,2.90,697.00,792.72,,,,,,2018-02-28
SALAYA TPP,1,L,600.0,7.68,0.00,2563.00,1782.50,,600.0,23/01/2018 18:51,,COAL SHORTAGE,2018-02-28
SALAYA TPP,2,L,600.0,7.68,0.00,2563.00,895.74,,600.0,24/10/2017 20:25,,COAL SHORTAGE,2018-02-28
SURAT LIG. TPS,1,,125.0,2.57,2.88,803.00,775.49,,,,,,2018-02-28
SURAT LIG. TPS,2,,125.0,2.57,2.76,777.00,656.86,,,,,,2018-02-28
SURAT LIG. TPS,3,,125.0,2.61,3.01,818.00,760.24,,,,,,2018-02-28
SURAT LIG. TPS,4,,125.0,2.61,2.91,818.00,758.08,,,,,,2018-02-28
BARODA CCPP,,,160.00,0.57,0.00,194.00,28.85,160.00,,,,,2018-02-28
DGEN MEGA CCPP,,,1200.00,0.0,0.00,0.00,0.00,1200.00,,,,,2018-02-28
ESSAR CCPP,,,515.00,0.0,0.00,0.00,0.00,515.00,,,,,2018-02-28
GIPCL. GT IMP,,,0.00,0.51,0.62,163.00,176.53,,,,,,2018-02-28
PEGUTHAN CCPP,,,655.00,0.86,2.14,274.00,408.34,,,,,,2018-02-28
SUGEN CCPP,,,1147.50,11.46,19.56,3843.00,5951.65,,,,,,2018-02-28
UNOSUGEN CCPP,,,382.50,0.0,0.00,0.00,0.00,,,,,,2018-02-28
GANDHAR CCPP,,,657.39,5.04,8.45,1680.00,2866.75,,,,,,2018-02-28
KAWAS CCPP,,,656.20,3.5,6.38,1158.00,2206.52,318.00,,,,,2018-02-28
KAKRAPARA,1,P,220.0,0.00,0.00,0.00,0.00,,220.0,11/03/2016 08:52,,"ENMASS COOLANT CHANNELREPLACEMENT",2018-02-28
KAKRAPARA,2,P,220.0,0.00,0.00,0.00,0.00,,220.0,01/07/2015 14:09,,"ENMASS COOLANT CHANNELREPLACEMENT",2018-02-28
AMARKANTAK EXT TPS,,,210.00,4.11,5.09,1369.00,1576.34,33,,,,,2018-02-28
AMARKANTAK EXT TPS,3,,210.0,4.11,5.09,1369.00,1576.34,,,,,,2018-02-28
SANJAY GANDHI TPS,1,,210.0,2.82,4.02,812.00,992.61,,,,,,2018-02-28
SANJAY GANDHI TPS,2,,210.0,2.46,4.02,823.00,947.52,,,,,,2018-02-28
SANJAY GANDHI TPS,3,,210.0,2.64,4.30,817.00,1034.09,,,,,,2018-02-28
SANJAY GANDHI TPS,4,,210.0,2.46,4.42,823.00,1044.62,,,,,,2018-02-28
SANJAY GANDHI TPS,5,,500.0,10.18,11.41,3085.00,2731.25,,,,,,2018-02-28
SATPURA TPS,,,1330.00,11.78,21.92,3632.00,4324.38,5,210.00,,,,2018-02-28
SATPURA TPS,6,,200.0,0.00,3.85,0.00,435.25,,,,,,2018-02-28
SATPURA TPS,7,*,210.0,0.00,1.99,0.00,223.58,,,28/02/2018 10:59,"28/02/201816.12.00","ELECTRICAL MISCELLANEOUSPROBLEMS",2018-02-28
SATPURA TPS,8,,210.0,1.46,4.09,455.00,693.71,,,,,,2018-02-28
SATPURA TPS,9,L,210.0,1.46,0.00,455.00,35.11,,210.0,28/08/2017 21:05,,STATOR/ STATOR EARTH FAULT,2018-02-28
SATPURA TPS,10,,250.0,4.11,6.11,1369.00,1700.63,,,,,,2018-02-28
SATPURA TPS,11,,250.0,4.75,5.88,1353.00,1236.10,,,,,,2018-02-28
SHRI SINGHAJI TPP,1,,600.0,8.21,13.05,2746.00,2078.17,,,,,,2018-02-28
SHRI SINGHAJI TPP,2,S,600.0,8.21,0.00,2746.00,1381.62,,600.0,22/02/2018 03:12,,ESP PROBLEM,2018-02-28
BANSAGAR TONS-I  HPS,,,315.00,3.21,1.14,975.00,516.76,,,,,,2018-02-28
BANSAGAR TONS-II  HPS,,,30.00,0.29,0.10,96.00,52.77,,,,,,2018-02-28
BANSAGAR TONS-III  HPS,,,60.00,0.0,0.00,120.00,68.80,,,,,,2018-02-28
BARGI  HPS,,,90.00,1.07,0.18,420.00,151.41,,,,,,2018-02-28
GANDHI SAGAR  HPS,,,115.00,0.89,2.14,355.00,287.62,,,,,,2018-02-28
MADHIKHERA  HPS,,,60.00,0.21,0.00,99.00,22.49,,,,,,2018-02-28
PENCH  HPS,,,160.00,1.07,0.29,370.00,154.76,,,,,,2018-02-28
RAJGHAT  HPS,,,45.00,0.00,0.00,70.00,55.62,15.0,,,,,2018-02-28
ANUPPUR TPP,1,,600.00,9.57,13.71,3202.00,2898.73,,,,,,2018-02-28
ANUPPUR TPP,2,,600.00,2.75,11.69,915.00,2677.49,,,,,,2018-02-28
BINA TPS,1,,250.00,2.75,3.92,915.00,1240.31,,,,,,2018-02-28
BINA TPS,2,,250.00,2.75,3.97,915.00,978.45,,,,,,2018-02-28
MAHAN TPP,1,,600.00,7.68,8.85,2563.00,2709.88,,,,,,2018-02-28
MAHAN TPP,2,,0.00,0.00,0.00,0.00,0.00,,,,,unit not yet commissioned,2018-02-28
NIGRI TPP,1,P,660.00,10.29,0.00,3428.00,3662.80,,660.0,27/02/2018 00:00,,"BOILER INSPECTION/ RE-CERTIFICATION",2018-02-28
NIGRI TPP,2,,660.00,10.29,8.97,3428.00,3619.24,,,,,,2018-02-28
NIWARI TPP,1,S,45.00,0.68,0.00,229.00,74.00,,45.0,22/02/2018 22:30,,WATER WALL TUBE LEAKAGE,2018-02-28
NIWARI TPP,2,,0.00,0.00,0.00,0.00,0.00,,,,,unit not yet commissioned,2018-02-28
SASAN UMTPP,1,,660.00,13.71,16.17,4576.00,5022.16,,,,,,2018-02-28
SASAN UMTPP,2,S,660.00,13.71,1.25,4576.00,4480.75,,660.0,28/02/2018 02:15,"01/03/201800.00.00",WATER WALL TUBE LEAKAGE,2018-02-28
SASAN UMTPP,3,,660.00,13.71,15.94,4576.00,4633.92,,,,,,2018-02-28
SASAN UMTPP,4,,660.00,13.71,16.15,4576.00,4902.61,,,,,,2018-02-28
SASAN UMTPP,5,,660.00,13.71,16.11,4576.00,5081.15,,,,,,2018-02-28
SASAN UMTPP,6,,660.00,13.71,16.20,4576.00,4777.42,,,,,,2018-02-28
SEIONI TPP,1,S,600.00,4.11,0.00,1369.00,1437.89,,600.0,25/02/2018 16:00,,COAL SHORTAGE,2018-02-28
MAHESHWAR HPS,,,0.00,0.00,0.00,0.00,0.00,,,,,,2018-02-28
GADARWARA TPP,1,,0.00,0.00,0.00,0.00,0.00,,,,,unit not yet commissioned,2018-02-28
VINDHYACHAL STPS,1,,210.00,3.71,4.89,1211.00,1532.16,,,,,,2018-02-28
VINDHYACHAL STPS,2,,210.00,3.64,4.75,1210.00,1590.77,,,,,,2018-02-28
VINDHYACHAL STPS,3,,210.00,4.00,4.88,1196.00,1424.27,,,,,,2018-02-28
VINDHYACHAL STPS,4,,210.00,3.89,4.61,1205.00,1548.90,,,,,,2018-02-28
VINDHYACHAL STPS,5,,210.00,3.82,4.63,1204.00,1382.78,,,,,,2018-02-28
VINDHYACHAL STPS,6,,210.00,3.89,5.11,1205.00,1494.14,,,,,,2018-02-28
VINDHYACHAL STPS,7,,500.00,9.86,11.92,2843.00,3484.05,,,,,,2018-02-28
VINDHYACHAL STPS,8,,500.00,8.64,12.10,2886.00,3622.89,,,,,,2018-02-28
VINDHYACHAL STPS,9,,500.00,8.64,12.00,2886.00,3808.14,,,,,,2018-02-28
VINDHYACHAL STPS,10,,500.00,9.57,12.15,2853.00,3472.65,,,,,,2018-02-28
VINDHYACHAL STPS,11,,500.00,8.64,12.18,2886.00,3543.77,,,,,,2018-02-28
VINDHYACHAL STPS,12,,500.00,9.25,12.11,2862.00,3486.47,,,,,,2018-02-28
VINDHYACHAL STPS,13,,500.00,8.64,11.33,2886.00,3752.04,,,,,,2018-02-28
INDIRA SAGAR  HPS,,,1000.00,5.54,1.28,1885.00,849.73,,,,,,2018-02-28
OMKARESHWAR  HPS,,,520.00,2.71,0.41,927.00,428.99,,,,,,2018-02-28
BHUSAWAL TPS,,,1210.00,17.04,23.15,5474.00,5843.70,3,210.0,,,,2018-02-28
BHUSAWAL TPS,2,L,0.00,0.00,0.00,0.00,0.00,,0.0,19/07/2016 00:00,,RSD/LOW SCHEDULE,2018-02-28
BHUSAWAL TPS,3,S,210.00,1.11,0.00,367.00,540.02,,210.0,14/02/2018 02:45,,COAL SHORTAGE,2018-02-28
BHUSAWAL TPS,4,,500.00,7.68,11.48,2563.00,2705.34,,,,,,2018-02-28
BHUSAWAL TPS,5,,500.00,8.25,11.67,2544.00,2598.34,,,,,,2018-02-28
CHANDRAPUR(MAHARASHTRA) STPS,,,2920.00,46.42,34.53,14558.00,13772.65,16,1420.0,,,,2018-02-28
CHANDRAPUR(MAHARASHTRA) STPS,3,L,,,,,,,,,,,2018-02-28
CHANDRAPUR(MAHARASHTRA) STPS,4,L,210.00,3.25,0.00,1004.00,713.15,,210.0,03/12/2017 14:13,,"WATER SHORTAGE DUE TODROUGHT",2018-02-28
CHANDRAPUR(MAHARASHTRA) STPS,5,,500.00,8.14,11.18,2505.00,2518.21,,,,,,2018-02-28
CHANDRAPUR(MAHARASHTRA) STPS,6,P,500.00,8.14,0.00,2505.00,2137.74,,500.0,01/02/2018 00:01,,"BOILER OVERHAUL/ ANNUALMAINTENANCE",2018-02-28
CHANDRAPUR(MAHARASHTRA) STPS,7,S,500.0,7.57,0.00,2524.00,2434.37,,500.0,22/02/2018 14:04,,TRANSMISSION CONSTRAINTS,2018-02-28
CHANDRAPUR(MAHARASHTRA) STPS,8,,500.0,8.14,11.77,2505.00,2519.70,,,,,,2018-02-28
CHANDRAPUR(MAHARASHTRA) STPS,9,,500.0,8.14,11.58,2505.00,2942.23,,,,,,2018-02-28
KHAPARKHEDA TPS,1,S,210.0,3.57,0.00,1189.00,726.27,,210.0,27/02/2018 18:00,,COAL SHORTAGE,2018-02-28
KHAPARKHEDA TPS,2,S,210.0,3.82,0.00,1181.00,883.18,,210.0,21/02/2018 17:27,,BOILER MISC. PROBLEM,2018-02-28
KHAPARKHEDA TPS,3,,210.0,3.57,4.70,1189.00,495.17,,,,,,2018-02-28
KHAPARKHEDA TPS,4,,210.0,3.96,4.69,1177.00,759.70,,,,,,2018-02-28
KHAPARKHEDA TPS,5,,500.0,8.21,11.76,2746.00,2676.18,,,,,,2018-02-28
KORADI TPS,,,2400.00,28.67,26.37,9112.00,8456.74,7,1080.00,,,,2018-02-28
KORADI TPS,5,L,0.0,0.00,0.00,0.00,,,0.0,18/10/2016 00:01,,TURBINE MISC. PROBLEMS,2018-02-28
KORADI TPS,6,P,210.0,0.00,0.00,0.00,0.00,,210.0,09/07/2015 00:00,,"R AND M / REFURBISHMENTWORKS",2018-02-28
KORADI TPS,7,L,210.0,2.75,0.00,915.00,453.34,,210.0,07/01/2018 17:00,,COAL SHORTAGE,2018-02-28
KORADI TPS,8,,660.0,10.96,12.69,3661.00,2875.22,,,,,,2018-02-28
KORADI TPS,9,L,660.0,11.96,0.00,3628.00,2335.85,,660.0,31/01/2018 14:31,,COAL SHORTAGE,2018-02-28
KORADI TPS,10,,660.0,3.00,13.68,908.00,2792.33,,,,,,2018-02-28
NASIK TPS,,,630.00,10.47,8.56,3277.00,2637.94,11,210.00,,,,2018-02-28
NASIK TPS,3,,210.0,3.61,4.41,989.00,810.51,,,,,,2018-02-28
NASIK TPS,4,,210.0,3.43,4.15,1144.00,1138.54,,,,,,2018-02-28
NASIK TPS,5,L,210.0,3.43,0.00,1144.00,688.89,,210.0,07/01/2018 14:01,,COAL SHORTAGE,2018-02-28
PARAS TPS,,,500.00,9.36,11.95,3010.00,2775.32,11,,,,,2018-02-28
PARAS TPS,3,,250.0,4.54,5.98,1511.00,1297.36,,,,,,2018-02-28
PARAS TPS,4,,250.0,4.82,5.97,1499.00,1477.96,,,,,,2018-02-28
PARLI TPS,,,1170.00,10.12,17.27,3289.00,2588.93,12,420.00,,,,2018-02-28
PARLI TPS,4,L,210.0,0.00,0.00,0.00,0.00,,210.0,01/04/2016 18:26,,UNECONOMICAL OPERATION,2018-02-28
PARLI TPS,5,L,210.0,0.00,0.00,0.00,0.00,,210.0,01/04/2016 00:00,,RSD/LOW SCHEDULE,2018-02-28
PARLI TPS,6,,250.0,3.29,5.97,1099.00,1215.57,,,,,,2018-02-28
PARLI TPS,7,,250.0,3.29,5.65,1099.00,692.08,,,,,,2018-02-28
PARLI TPS,8,,250.0,3.54,5.65,1091.00,681.28,,,,,,2018-02-28
URAN CCPP,,,672.00,6.8,6.56,2292.00,2973.51,336.00,,,,,2018-02-28
BHIRA TAIL RACE  HPS,,,80.00,0.21,0.30,81.00,90.81,,,,,,2018-02-28
GHATGHAR  PSS  HPS,,,250.00,1.25,0.76,350.00,143.40,125.00,,,,,2018-02-28
KOYNA DPH  HPS,,,36.00,0.18,7.04,95.00,123.75,,,,,,2018-02-28
KOYNA-I  HPS,,,280.00,3.21,1.98,1034.00,474.77,70.00,,,,,2018-02-28
KOYNA-II  HPS,,,320.00,0.0,1.98,0.00,478.58,,,,,,2018-02-28
KOYNA-III  HPS,,,320.00,1.93,2.54,529.00,439.79,,,,,,2018-02-28
KOYNA-IV  HPS,,,1000.00,6.25,10.15,1532.00,783.70,,,,,,2018-02-28
TILLARI  HPS,,,60.00,0.43,0.00,98.00,49.55,60.00,,,,,2018-02-28
VAITARNA  HPS,,,60.00,0.96,1.44,127.00,167.97,,,,,,2018-02-28
AMARAVATI TPS,1,,270.0,1.39,6.57,456.00,1068.00,,,,,,2018-02-28
AMARAVATI TPS,2,,270.0,1.40,6.64,456.00,932.98,,,,,,2018-02-28
AMARAVATI TPS,3,S,270.0,1.36,0.00,457.00,865.13,,270.0,27/02/2018 00:00,"27/03/201800.00.00",COAL SHORTAGE,2018-02-28
AMARAVATI TPS,4,L,270.0,1.36,0.00,457.00,868.71,,270.0,10/02/2018 16:36,,EXCITATION PROBLEM,2018-02-28
AMARAVATI TPS,5,,270.0,1.39,6.64,457.00,507.56,,,,,,2018-02-28
BELA TPS,1,L,270.0,0.00,0.00,0.00,80.51,,270.0,30/12/2017 23:54,,NO Power purchase agreement,2018-02-28
BUTIBORI TPP,1,L,300.0,0.00,0.00,1721.00,987.39,,300.0,30/01/2018 22:55,,COAL SHORTAGE,2018-02-28
BUTIBORI TPP,2,,300.0,5.21,7.39,1738.00,1986.89,,,,,,2018-02-28
DAHANU TPS,1,,250.0,5.32,5.80,1736.00,1721.55,,,,,,2018-02-28
DAHANU TPS,2,,250.0,5.68,5.78,1724.00,1468.96,,,,,,2018-02-28
DHARIWAL TPP,1,L,300.0,0.00,0.00,0.00,195.29,,300.0,01/11/2017 00:01,,NO Power purchase agreement,2018-02-28
DHARIWAL TPP,2,S,300.0,4.36,0.00,1365.00,1959.53,,300.0,27/02/2018 17:31,,PIPES and VALVES BOILER SIDE,2018-02-28
GEPL TPP Ph-I,1,L,60.0,0.00,0.00,0.00,0.00,,60.0,29/06/2013 00:00,,NO Power purchase agreement,2018-02-28
GEPL TPP Ph-I,2,L,60.0,0.00,0.00,0.00,0.00,,60.0,20/06/2013 20:27,,NO Power purchase agreement,2018-02-28
GMR WARORA TPS,1,,300.0,4.79,7.35,1602.00,1828.16,,,,,,2018-02-28
GMR WARORA TPS,2,S,300.0,4.79,0.00,1602.00,1631.55,,300.0,22/02/2018 09:40,,P.A. FANS PROBLEM,2018-02-28
JSW RATNAGIRI TPP,1,S,300.0,5.25,0.00,1749.00,2106.47,,300.0,20/02/2018 12:06,"04/03/201800.00.00",TURBINE VIBRATIONS HIGH,2018-02-28
JSW RATNAGIRI TPP,2,*,300.0,4.79,0.22,1602.00,726.76,,300.0,02/12/2017 00:00,"28/02/201821.36.00","RESERVE SHUT DOWN / STANDBYUNIT",2018-02-28
JSW RATNAGIRI TPP,3,,300.0,4.79,6.25,1602.00,1846.40,,,,,,2018-02-28
JSW RATNAGIRI TPP,4,,300.0,5.39,6.18,1582.00,1483.08,,,,,,2018-02-28
LANCO VIDARBHA TPP,1,,0.0,0.00,0.00,0.00,0.00,,,,,unit not yet commissioned,2018-02-28
MIHAN TPS,1,L,61.5,0.00,0.00,0.00,0.00,,61.5,10/01/2013 15:50,,NO Power purchase agreement,2018-02-28
MIHAN TPS,2,L,61.5,0.00,0.00,0.00,0.00,,61.5,05/11/2013 11:53,,NO Power purchase agreement,2018-02-28
MIHAN TPS,3,L,61.5,0.00,0.00,0.00,0.00,,61.5,10/06/2013 18:00,,NO Power purchase agreement,2018-02-28
MIHAN TPS,4,L,61.5,0.00,0.00,0.00,0.00,,61.5,20/08/2013 10:00,,NO Power purchase agreement,2018-02-28
NASIK (P) TPS,1,L,270.0,0.00,0.00,0.00,0.00,,270.0,04/03/2014 18:10,,NO Power purchase agreement,2018-02-28
NASIK (P) TPS,2,L,270.0,0.00,0.00,0.00,0.00,,270.0,16/02/2017 00:46,,NO Power purchase agreement,2018-02-28
NASIK (P) TPS,3,L,270.0,0.00,0.00,0.00,0.50,,270.0,14/04/2017 01:45,,NO Power purchase agreement,2018-02-28
NASIK (P) TPS,4,L,270.0,0.00,0.00,0.00,0.63,,270.0,20/05/2017 00:25,,NO Power purchase agreement,2018-02-28
NASIK (P) TPS,5,L,270.0,0.00,0.00,0.00,0.56,,270.0,30/05/2017 15:24,,NON STABLISED UNIT,2018-02-28
SHIRPUR TPP,1,L,150.0,0.00,0.00,0.00,4.74,,150.0,28/09/2017 21:14,,NON STABLISED UNIT,2018-02-28
TIRORA TPS,1,,660.0,10.57,13.73,3272.00,3261.38,,,,,,2018-02-28
TIRORA TPS,2,L,660.0,10.57,0.00,3271.00,2805.33,,660.0,02/01/2018 15:26,,H.P.  AND L.P.  bypass system,2018-02-28
TIRORA TPS,3,,660.0,9.86,13.12,3295.00,3121.95,,,,,,2018-02-28
TIRORA TPS,4,S,660.0,10.57,0.00,3272.00,3456.91,,660.0,20/02/2018 18:00,,COAL SHORTAGE,2018-02-28
TIRORA TPS,5,,660.0,9.86,12.62,3295.00,3623.41,,,,,,2018-02-28
TROMBAY TPS,,,1250.00,15.61,16.31,5016.00,4441.54,500.00,,,,,2018-02-28
TROMBAY TPS,5,,500.0,10.18,10.68,3334.00,2890.74,,,,,,2018-02-28
TROMBAY TPS,6,L,500.0,0.00,0.00,0.00,0.00,,500.0,15/07/2015 17:08,,RSD/LOW SCHEDULE,2018-02-28
TROMBAY TPS,8,,250.0,5.43,5.63,1682.00,1550.80,,,,,,2018-02-28
WARDHA WARORA TPP,1,L,135.0,0.00,0.00,0.00,0.00,,135.0,16/02/2016 17:19,,RSD/LOW SCHEDULE,2018-02-28
WARDHA WARORA TPP,2,L,135.0,0.00,0.00,0.00,0.00,,135.0,29/02/2016 21:46,,RSD/LOW SCHEDULE,2018-02-28
WARDHA WARORA TPP,3,,135.0,2.11,2.20,685.00,384.90,,,,,,2018-02-28
WARDHA WARORA TPP,4,,135.0,2.11,2.19,685.00,622.14,,,,,,2018-02-28
MANGAON CCPP,,,388.00,1.36,0.00,457.00,0.00,388.00,,,,,2018-02-28
TROMBAY CCPP,,,180.00,2.43,3.52,808.00,1230.27,,,,,,2018-02-28
BHANDARDHARA  HPS ST-II,,,34.00,0.21,0.00,35.00,36.49,,,,,,2018-02-28
BHIRA   HPS,,,150.00,1.68,0.71,816.00,322.72,,,,,,2018-02-28
BHIRA PSS  HPS,,,150.00,0.0,2.20,0.00,507.86,,,,,,2018-02-28
BHIVPURI  HPS,,,75.00,1.07,1.36,264.00,268.84,,,,,,2018-02-28
KHOPOLI  HPS,,,72.00,0.64,1.13,250.00,293.52,,,,,,2018-02-28
MAUDA TPS,1,,500.0,4.11,11.50,1369.00,2250.52,,,,,,2018-02-28
MAUDA TPS,2,,500.0,4.43,11.64,1363.00,2128.42,,,,,,2018-02-28
MAUDA TPS,3,,660.0,3.57,9.64,1189.00,1535.01,,,,,,2018-02-28
MAUDA TPS,4,,660.0,5.57,11.60,328.00,978.87,,,,,,2018-02-28
SOLAPUR,1,,660.0,5.57,11.69,328.00,1086.04,,,,,,2018-02-28
SOLAPUR,2,,0.00,0.00,0.00,0.00,0.00,,,,,unit not yet commissioned,2018-02-28
RATNAGIRI CCPP,,,1967.08,11.58,12.56,3888.00,4112.45,1066.00,,,,,2018-02-28
TARAPUR,1,P,160.00,0.75,0.00,252.00,183.82,,160.0,04/06/2017 19:09,,ENMASS REFUELLING,2018-02-28
TARAPUR,2,P,160.00,2.39,0.00,801.00,994.00,,160.0,26/12/2017 10:51,,ENMASS REFUELLING,2018-02-28
TARAPUR,3,,540.00,11.00,13.09,3674.00,3275.29,,,,,,2018-02-28
TARAPUR,4,,540.00,11.00,13.05,3674.00,1640.40,,,,,,2018-02-28
DAMODARAM SANJEEVAIAH TPS,1,,800.00,12.61,12.96,4210.00,2145.73,,,,,,2018-02-28
DAMODARAM SANJEEVAIAH TPS,2,,800.00,12.61,13.02,4210.00,2038.46,,,,,,2018-02-28
Dr. N.TATA RAO TPS,1,,210.00,4.29,4.53,1366.00,802.96,,,,,,2018-02-28
Dr. N.TATA RAO TPS,2,,210.00,4.68,4.53,1354.00,882.89,,,,,,2018-02-28
Dr. N.TATA RAO TPS,3,,210.00,4.29,4.84,1368.00,1371.49,,,,,,2018-02-28
Dr. N.TATA RAO TPS,4,,210.00,4.29,4.66,1368.00,1363.12,,,,,,2018-02-28
Dr. N.TATA RAO TPS,5,,210.00,4.29,4.52,1368.00,1346.58,,,,,,2018-02-28
Dr. N.TATA RAO TPS,6,,210.00,4.29,4.32,1368.00,1195.37,,,,,,2018-02-28
Dr. N.TATA RAO TPS,7,,500.00,10.04,10.79,3190.00,2679.92,,,,,,2018-02-28
RAYALASEEMA TPS,1,,210.00,4.29,4.73,1368.00,1262.65,,,,,,2018-02-28
RAYALASEEMA TPS,2,,210.00,4.29,4.72,1368.00,1255.55,,,,,,2018-02-28
RAYALASEEMA TPS,3,,210.00,4.11,4.67,1369.00,1273.52,,,,,,2018-02-28
RAYALASEEMA TPS,4,,210.00,4.29,4.69,1368.00,1318.15,,,,,,2018-02-28
RAYALASEEMA TPS,5,,210.00,4.29,4.50,1368.00,1056.87,,,,,,2018-02-28
RAYALASEEMA TPS,6,,0.00,0.00,0.00,0.00,0.00,,,,,unit not yet commissioned,2018-02-28
JEGURUPADU CCPP PH I,,,235.40,2.69,2.91,639.00,981.58,52.80,,,,,2018-02-28
NAGARJUN SGR RBC EXTN. HPS,,,0.00,0.0,0.00,0.00,0.00,,,,,,2018-02-28
NAGARJUN SGR RBC   HPS,,,90.00,0.21,0.00,128.00,59.77,90.00,,,,,2018-02-28
NAGARJUN SGR  TPD,,,50.00,0.54,0.00,170.00,36.92,,,,,,2018-02-28
SRISAILAM  HPS,,,770.00,1.96,3.13,900.00,477.92,,,,,,2018-02-28
UPPER SILERU  HPS,,,240.00,1.82,2.82,390.00,445.32,,,,,,2018-02-28
PAINAMPURAM TPP,1,,660.0,11.25,14.52,3751.00,4433.01,,,,,,2018-02-28
PAINAMPURAM TPP,2,,660.0,11.25,14.17,3751.00,4390.48,,,,,,2018-02-28
SGPL TPP,1,,660.0,7.07,14.14,2282.00,4053.67,,,,,,2018-02-28
SGPL TPP,2,,660.0,3.57,14.88,1189.00,3965.06,,,,,,2018-02-28
SIMHAPURI TPS,1,L,150.0,1.46,0.00,455.00,0.00,,150.0,18/03/2017 00:08,,RSD/LOW SCHEDULE,2018-02-28
SIMHAPURI TPS,2,L,150.0,1.43,0.00,454.00,0.00,,150.0,27/12/2016 23:08,,RSD/LOW SCHEDULE,2018-02-28
SIMHAPURI TPS,3,L,150.0,1.46,0.00,454.00,5.82,,150.0,10/04/2017 08:48,,RSD/LOW SCHEDULE,2018-02-28
SIMHAPURI TPS,4,L,150.0,1.46,0.00,455.00,19.20,,150.0,07/04/2017 05:25,,RSD/LOW SCHEDULE,2018-02-28
THAMMINAPATNAM TPS,1,L,150.0,1.75,0.00,545.00,185.84,,150.0,31/10/2017 23:55,,RSD/LOW SCHEDULE,2018-02-28
THAMMINAPATNAM TPS,2,L,150.0,1.75,0.00,545.00,401.46,,150.0,01/11/2017 12:14,,BOILER MISC. PROBLEM,2018-02-28
THAMMINAPATNAM TPS,3,,0.0,0.00,0.00,0.00,0.00,,,,,unit not yet commissioned,2018-02-28
THAMMINAPATNAM TPS,4,,0.0,0.00,0.00,0.00,0.00,,,,,unit not yet commissioned,2018-02-28
VIZAG TPP,1,L,520.0,6.00,0.00,1863.00,1874.03,,520.0,10/01/2018 20:00,,RSD/LOW SCHEDULE,2018-02-28
VIZAG TPP,2,L,520.0,7.00,0.00,1863.00,1466.49,,520.0,02/02/2018 22:41,,RSD/LOW SCHEDULE,2018-02-28
GAUTAMI CCPP,,,464.00,0.0,0.00,0.00,0.00,464.00,,,,,2018-02-28
GMR Energy Ltd - Kakinada,,,220.00,0.0,0.00,0.00,0.00,220.00,,,,,2018-02-28
GODAVARI CCPP,,,208.00,2.72,3.16,915.00,466.15,47.00,,,,,2018-02-28
GREL CCPP (Rajahmundry),,,768.00,1.73,0.00,570.00,0.00,,,,,,2018-02-28
JEGURUPADU CCPP PH II,,,220.00,0.28,0.00,90.00,0.00,220.00,,,,,2018-02-28
KONASEEMA CCPP,,,445.00,0.0,0.00,0.00,0.00,445.00,,,,,2018-02-28
KONDAPALLI CCPP,,,350.00,1.62,3.76,546.00,531.28,,,,,,2018-02-28
KONDAPALLI  EXTN CCPP .,,,366.00,0.57,0.00,183.00,0.00,,,,,,2018-02-28
KONDAPALLI ST-3 CCPP,,,742.00,3.86,0.00,1280.00,0.00,,,,,,2018-02-28
PEDDAPURAM CCPP,,,220.00,0.0,0.00,0.00,0.00,,,,,,2018-02-28
VEMAGIRI CCPP,,,370.00,1.11,0.00,367.00,0.00,,,,,,2018-02-28
VIJJESWARAM CCPP,,,272.00,1.65,2.22,549.00,1111.36,,,,,,2018-02-28
LVS POWER DG,,,36.80,0.0,0.00,0.00,0.00,,,,,,2018-02-28
SIMHADRI,1,,500.0,9.64,11.14,3225.00,2878.15,,,,,,2018-02-28
SIMHADRI,2,,500.0,11.00,11.17,3179.00,2256.20,,,,,,2018-02-28
SIMHADRI,3,,500.0,10.68,11.29,3193.00,2532.76,,,,,,2018-02-28
SIMHADRI,4,,500.0,9.64,11.40,3225.00,2902.57,,,,,,2018-02-28
BELLARY TPS,1,S,500.0,8.86,0.00,2776.00,1112.70,,500.0,27/02/2018 14:36,,RSD/LOW SCHEDULE,2018-02-28
BELLARY TPS,2,L,500.0,8.86,0.00,2776.00,1637.41,,500.0,25/01/2018 23:42,,RSD/LOW SCHEDULE,2018-02-28
BELLARY TPS,3,,700.0,10.68,14.31,3569.00,732.48,,,,,,2018-02-28
RAICHUR TPS,1,L,210.0,3.89,0.00,1183.00,835.97,,210.0,17/11/2017 22:12,,"MISC. SHORT DURATIONMAINTENANCE",2018-02-28
RAICHUR TPS,2,*,210.0,5.39,0.42,1257.00,779.26,,210.0,26/02/2018 05:45,"28/02/201820.07.00","FURNACE FIRE OUT /FLAMEFAILURE",2018-02-28
RAICHUR TPS,3,,210.0,3.79,4.86,1188.00,1348.94,,,,,,2018-02-28
RAICHUR TPS,4,,210.0,3.71,4.92,1130.00,1472.03,,,,,,2018-02-28
RAICHUR TPS,5,,210.0,4.11,4.89,1179.00,1122.51,,,,,,2018-02-28
RAICHUR TPS,6,,210.0,3.89,4.86,1223.00,1283.54,,,,,,2018-02-28
RAICHUR TPS,7,,210.0,3.89,4.87,1225.00,1293.76,,,,,,2018-02-28
RAICHUR TPS,8,*,250.0,4.68,4.39,1461.00,1696.11,,,26/02/2018 15:28,"28/02/201803.14.00","GENERATOR PROTECTION RELAYOPERATION PROBLEM",2018-02-28
YERMARUS TPP,1,,800.0,10.96,8.83,3661.00,632.76,,,,,,2018-02-28
YERMARUS TPP,2,L,800.0,0.00,0.00,0.00,107.20,,800.0,07/04/2017 20:07,,COLLAPSE OF R.C. BUNKER,2018-02-28
YELHANKA (DG),,,127.92,0.0,0.00,0.00,0.00,,,,,,2018-02-28
ALMATTI DPH  HPS,,,290.00,0.64,0.00,479.00,425.77,,,,,,2018-02-28
BHADRA  HPS,,,39.20,0.29,0.12,54.00,11.85,14.00,,,,,2018-02-28
GERUSUPPA  HPS,,,240.00,1.61,1.06,451.00,246.53,,,,,,2018-02-28
GHAT PRABHA  HPS,,,32.00,0.21,0.47,81.00,44.05,,,,,,2018-02-28
HAMPI  HPS,,,36.00,0.43,0.14,163.00,43.29,9.00,,,,,2018-02-28
JOG  HPS,,,139.20,0.89,0.42,251.00,177.36,74.40,,,,,2018-02-28
KADRA  HPS,,,150.00,0.79,0.31,338.00,180.90,,,,,,2018-02-28
KALINADI  HPS,,,855.00,9.96,5.32,2424.00,1317.79,135.00,,,,,2018-02-28
KALINADI SUPA  HPS,,,100.00,1.89,0.27,356.00,243.43,,,,,,2018-02-28
KODASALI  HPS,,,120.00,0.96,0.41,310.00,152.88,,,,,,2018-02-28
LIGANAMAKKI  HPS,,,55.00,0.93,0.51,200.00,108.30,,,,,,2018-02-28
MUNIRABAD  HPS,,,28.00,0.21,0.00,90.00,51.00,,,,,,2018-02-28
SHARAVATHI  HPS,,,1035.00,16.61,10.87,4218.00,2355.42,103.50,,,,,2018-02-28
SIVASAMUNDRUM  HPS,,,42.00,0.5,0.05,232.00,172.07,,,,,,2018-02-28
T B   DAM  HPS,,,36.00,0.0,0.33,0.00,87.82,,,,,,2018-02-28
VARAHI  HPS,,,460.00,3.36,2.74,935.00,694.68,,,,,,2018-02-28
TORANGALLU TPS(SBU-I),1,,130.00,2.18,3.05,733.00,764.77,,,,,,2018-02-28
TORANGALLU TPS(SBU-I),2,S,130.00,2.25,0.00,731.00,788.05,,130.0,25/02/2018 23:50,,RSD/LOW SCHEDULE,2018-02-28
TORANGALLU TPS(SBU-II),,,600.00,7.25,5.78,2374.00,2114.18,300.0,,,,,2018-02-28
TORANGALLU TPS(SBU-II),3,,300.00,3.68,5.78,1185.00,1283.97,,,,,,2018-02-28
TORANGALLU TPS(SBU-II),4,L,300.00,3.57,0.00,1189.00,830.21,,300.0,19/10/2017 21:01,"28/02/201800.00.00","RESERVE SHUT DOWN / STANDBYUNIT",2018-02-28
UDUPI TPP,1,,600.00,12.18,10.60,3622.00,2718.11,,,,,,2018-02-28
UDUPI TPP,2,,600.00,11.75,12.43,3636.00,2767.89,,,,,,2018-02-28
BELLARY DG,,,25.20,0.00,0.00,0.00,0.00,,,,,,2018-02-28
KUDGI STPP,1,,800.00,3.57,14.01,1189.00,2596.11,,,,,,2018-02-28
KUDGI STPP,2,S,800.00,5.57,0.24,328.00,927.30,,800.0,28/02/2018 00:37,,RSD/LOW SCHEDULE,2018-02-28
KUDGI STPP,3,,0.00,0.00,0.00,0.00,0.00,,,,,unit not yet commissioned,2018-02-28
KAIGA,1,,220.00,4.50,5.29,1500.00,1747.65,,,,,,2018-02-28
KAIGA,2,,220.00,4.50,5.30,1500.00,1706.09,,,,,,2018-02-28
KAIGA,3,,220.00,4.50,4.74,1500.00,1709.51,,,,,,2018-02-28
KAIGA,4,,220.00,4.36,5.22,1325.00,1623.42,,,,,,2018-02-28
BRAMHAPURAM DG,,,63.96,0.00,0.00,9.00,0.31,,,,,,2018-02-28
KOZHIKODE DG,,,96.00,0.24,0.00,42.00,0.54,,,,,,2018-02-28
IDAMALAYAR  HPS.,,,75.00,0.96,1.48,277.00,213.95,,,,,,2018-02-28
IDUKKI  HPS.,,,780.00,10.71,11.89,1695.00,1361.01,130.0,,,,,2018-02-28
KAKKAD  HPS.,,,50.00,0.5,0.55,179.00,137.66,25.00,,,,,2018-02-28
KUTTIYADI ADDL. EXTN.,,,100.00,0.0,1.54,0.00,153.81,,,,,,2018-02-28
KUTTIYADI  HPS.,,,125.00,1.5,1.62,624.00,400.37,25.00,,,,,2018-02-28
LOWER PERIYAR  HPS.,,,180.00,0.39,0.98,484.00,486.26,,,,,,2018-02-28
NARIAMANGLAM  HPS,,,70.00,0.43,1.03,313.00,288.19,,,,,,2018-02-28
PALLIVASAL  HPS.,,,37.50,0.54,0.47,190.00,173.10,,,,,,2018-02-28
PANNIAR  HPS.,,,30.00,0.25,0.75,133.00,109.58,,,,,,2018-02-28
PORINGALKUTTU  HPS.,,,32.00,0.21,0.07,136.00,115.71,16.00,,,,,2018-02-28
SABARIGIRI  HPS.,,,300.00,2.86,3.34,1100.00,801.42,50.00,,,,,2018-02-28
SENGULAM  HPS.,,,48.00,0.25,0.31,133.00,141.20,,,,,,2018-02-28
SHOLAYAR  HPS.,,,54.00,0.82,0.82,191.00,181.57,18.00,,,,,2018-02-28
COCHIN CCPP (Liq.),,,174.00,0.0,0.00,0.00,42.65,174.00,,,,,2018-02-28
R. GANDHI CCPP (Liq.),,,359.58,0.12,0.00,30.00,4.19,,,,,,2018-02-28
KARAIKAL CCPP,,,32.50,0.61,0.62,203.00,204.03,,,,,,2018-02-28
METTUR TPS,1,L,210.0,4.29,0.00,1368.00,1021.10,,210.0,13/01/2018 23:26,"03/03/201800.00.00",RSD/LOW SCHEDULE,2018-02-28
METTUR TPS,2,,210.0,4.29,5.04,1368.00,1236.78,,,,,,2018-02-28
METTUR TPS,3,,210.0,4.29,5.06,1368.00,1101.97,,,,,,2018-02-28
METTUR TPS,4,P,210.0,4.68,0.00,1355.00,1191.09,,210.0,20/01/2018 19:33,"07/03/201800.00.00","BOILER OVERHAUL/ ANNUALMAINTENANCE",2018-02-28
METTUR TPS - II,1,,600.00,10.46,9.96,3176.00,2134.91,,,,,,2018-02-28
NORTH CHENNAI TPS,1,,210.00,4.46,4.69,1286.00,1226.67,,,,,,2018-02-28
NORTH CHENNAI TPS,2,,210.00,4.07,4.69,1298.00,1233.24,,,,,,2018-02-28
NORTH CHENNAI TPS,3,,210.00,4.00,4.78,1272.00,1311.59,,,,,,2018-02-28
NORTH CHENNAI TPS,4,,600.00,9.64,11.97,2926.00,3014.83,,,,,,2018-02-28
NORTH CHENNAI TPS,5,,600.00,9.64,12.22,2926.00,2085.86,,,,,,2018-02-28
TUTICORIN TPS,1,,210.00,3.29,4.32,948.00,582.80,,,,,,2018-02-28
TUTICORIN TPS,2,,210.00,3.29,4.03,1049.00,906.37,,,,,,2018-02-28
TUTICORIN TPS,3,,210.00,3.29,4.04,1049.00,862.96,,,,,,2018-02-28
TUTICORIN TPS,4,,210.00,3.29,4.04,1029.00,1197.78,,,,,,2018-02-28
TUTICORIN TPS,5,,210.00,3.25,4.07,1018.00,1043.21,,,,,,2018-02-28
BASIN BRIDGE GT (Liq.),,,120.0,0.00,0.00,0.00,6.12,30.0,,,,,2018-02-28
KOVIKALPAL CCPP,,,107.88,1.00,0.56,338.00,278.77,,,,,,2018-02-28
KUTTALAM CCPP,,,100.0,0.97,1.14,319.00,315.44,,,,,,2018-02-28
VALUTHUR CCPP,,,186.2,2.75,3.53,915.00,1149.80,,,,,,2018-02-28
ALIYAR  HPS.,,,60.0,0.36,0.00,137.00,90.08,60.0,,,,,2018-02-28
BHAWANI BARRAGE-II HPS,,,30.0,0.04,0.00,48.00,37.66,30.0,,,,,2018-02-28
BHAWANI BARRAGE-III HPS,,,30.0,0.00,0.00,48.00,0.00,30.0,,,,,2018-02-28
BHAWANI KATTAL,,,30.0,0.07,0.00,59.00,16.68,,,,,,2018-02-28
KADAMPARI  HPS.,,,400.0,0.89,2.10,324.00,335.94,,,,,,2018-02-28
KODAYAR  HPS.,,,100.0,0.43,0.00,205.00,123.88,40.0,,,,,2018-02-28
KUNDAH  HPS.,,,555.0,3.78,3.32,1315.00,701.38,95.0,,,,,2018-02-28
LOWER METTUR  HPS.,,,120.0,0.25,0.00,231.00,130.24,,,,,,2018-02-28
METTUR DAM  HPS.,,,50.0,0.07,0.00,90.00,50.74,,,,,,2018-02-28
METTUR TUNNEL  HPS.,,,200.0,0.07,0.00,265.00,163.34,50.0,,,,,2018-02-28
MOYAR  HPS,,,36.0,0.32,0.41,128.00,81.14,,,,,,2018-02-28
PAPANASAM  HPS.,,,32.0,0.39,0.34,120.00,108.67,,,,,,2018-02-28
PARSON`S VALLEY  HPS.,,,30.00,0.11,0.08,47.00,22.31,,,,,,2018-02-28
PERIYAR  HPS.,,,161.00,1.18,0.00,444.00,287.07,,,,,,2018-02-28
PYKARA  HPS.,,,59.20,0.18,0.00,55.00,0.98,,,,,,2018-02-28
PYKARA ULTMATE  HPS.,,,150.00,0.75,1.41,348.00,234.28,,,,,,2018-02-28
SARKARPATHY  HPS.,,,30.00,0.54,0.19,103.00,85.41,,,,,,2018-02-28
SHOLAYAR HPS (TN),,,95.00,0.14,0.00,146.00,157.72,,,,,,2018-02-28
SURULIYAR  HPS.,,,35.00,0.18,0.17,86.00,65.75,,,,,,2018-02-28
ITPCL TPP,1,,600.0,5.86,12.06,1832.00,2814.51,,,,,,2018-02-28
ITPCL TPP,2,,600.0,4.50,11.94,1436.00,2106.55,,,,,,2018-02-28
MUTHIARA TPP,1,,600.0,6.18,8.02,2059.00,935.50,,,,,,2018-02-28
MUTHIARA TPP,2,S,600.0,6.18,0.00,2059.00,2598.47,,600.0,19/02/2018 17:34,,RSD/LOW SCHEDULE,2018-02-28
NEYVELI TPS(Z),1,,250.0,4.36,5.08,1365.00,881.25,,,,,,2018-02-28
TUTICORIN (P) TPP,1,L,150.0,0.00,0.00,0.00,0.00,,150.0,03/04/2016 00:31,,NO Power purchase agreement,2018-02-28
TUTICORIN (P) TPP,2,L,150.0,0.00,0.00,0.00,0.00,,150.0,16/04/2016 01:42,,NO Power purchase agreement,2018-02-28
KARUPPUR CCPP,,,119.80,1.33,1.39,450.00,443.04,,,,,,2018-02-28
P.NALLUR CCPP,,,330.50,0.54,0.00,182.00,0.00,,,,,,2018-02-28
VALANTARVY CCPP,,,52.80,0.82,1.05,273.00,342.22,,,,,,2018-02-28
B. BRIDGE D.G,,,200.00,0.0,0.00,0.00,0.00,,,,,,2018-02-28
SAMALPATTI DG,,,105.70,0.0,0.00,0.00,0.00,,,,,,2018-02-28
SAMAYANALLUR DG,,,106.00,0.0,0.00,0.00,0.00,,,,,,2018-02-28
NEYVELI ( EXT) TPS,1,,210.00,4.43,4.72,1306.00,1483.27,,,,,,2018-02-28
NEYVELI ( EXT) TPS,2,,210.00,4.46,4.70,1361.00,1428.52,,,,,,2018-02-28
NEYVELI NEW TPP,1,,0.00,0.00,0.00,0.00,0.00,,,,,unit not yet commissioned,2018-02-28
NEYVELI TPS- I,1,,50.00,0.89,0.92,283.00,255.40,,,,,,2018-02-28
NEYVELI TPS- I,2,S,50.00,0.89,0.71,283.00,274.91,,,28/02/2018 21:00,,"GENERATOR PROTECTION RELAYOPERATION PROBLEM",2018-02-28
NEYVELI TPS- I,3,,50.00,0.89,0.87,283.00,262.41,,,,,,2018-02-28
NEYVELI TPS- I,4,S,50.00,0.89,0.78,262.00,274.29,,,28/02/2018 21:00,,"GENERATOR PROTECTION RELAYOPERATION PROBLEM",2018-02-28
NEYVELI TPS- I,5,,50.00,0.89,0.88,283.00,259.32,,,,,,2018-02-28
NEYVELI TPS- I,6,S,50.00,0.89,0.81,265.00,253.65,,,28/02/2018 21:00,,"GENERATOR PROTECTION RELAYOPERATION PROBLEM",2018-02-28
NEYVELI TPS- I,7,,100.00,1.79,1.62,565.00,483.43,,,,,,2018-02-28
NEYVELI TPS- I,8,,100.00,1.79,1.57,561.00,521.99,,,,,,2018-02-28
NEYVELI TPS- I,9,,100.00,1.79,0.81,565.00,485.66,,,,,,2018-02-28
NEYVELI TPS-II,1,,210.00,4.18,4.33,1247.00,1329.06,,,,,,2018-02-28
NEYVELI TPS-II,2,,210.00,4.18,4.59,1246.00,1350.87,,,,,,2018-02-28
NEYVELI TPS-II,3,,210.00,4.21,4.52,1256.00,1030.09,,,,,,2018-02-28
NEYVELI TPS-II,4,,210.00,4.21,4.51,1240.00,1387.61,,,,,,2018-02-28
NEYVELI TPS-II,5,,210.00,4.18,4.43,1251.00,1321.93,,,,,,2018-02-28
NEYVELI TPS-II,6,,210.00,4.18,4.56,1251.00,1328.63,,,,,,2018-02-28
NEYVELI TPS-II,7,,210.00,4.21,4.98,1258.00,1385.85,,,,,,2018-02-28
NEYVELI TPS-II EXP,1,S,250.00,4.57,0.00,1391.00,1084.90,,250.0,24/02/2018 06:28,,WATER WALL TUBE LEAKAGE,2018-02-28
NEYVELI TPS-II EXP,2,,250.00,4.75,4.74,1385.00,743.17,,,,,,2018-02-28
TUTICORIN (JV) TPP,1,,500.00,9.39,10.03,2995.00,2353.95,,,,,,2018-02-28
TUTICORIN (JV) TPP,2,,500.00,9.39,9.80,2995.00,2502.85,,,,,,2018-02-28
VALLUR TPP,1,,500.00,8.64,10.02,2799.00,2967.40,,,,,,2018-02-28
VALLUR TPP,2,,500.00,9.00,10.70,2781.00,2818.00,,,,,,2018-02-28
VALLUR TPP,3,S,500.00,8.64,0.00,2804.00,591.78,,500.0,27/02/2018 12:35,,CONDENSER LOW VACCUM,2018-02-28
KUDANKULAM,1,,1000.00,21.57,22.50,5570.00,3715.65,,,,,,2018-02-28
KUDANKULAM,2,S,1000.00,19.25,0.00,4969.00,4209.67,,1000.0,19/02/2018 10:30,,REACTOR MAINTENANCE WORKS.,2018-02-28
MADRAS  A.P.S.,1,L,220.00,4.21,0.00,1412.00,1194.33,,220.0,30/01/2018 16:30,,REACTOR MAINTENANCE WORKS.,2018-02-28
MADRAS  A.P.S.,2,,220.00,4.11,5.36,1378.00,1614.34,,,,,,2018-02-28
KAKATIYA TPS,1,,500.00,10.14,12.07,3182.00,3122.36,,,,,,2018-02-28
KAKATIYA TPS,2,,600.00,11.61,14.16,3640.00,3470.49,,,,,,2018-02-28
KOTHAGUDEM TPS,1,,60.00,0.93,1.24,298.00,346.24,,,,,,2018-02-28
KOTHAGUDEM TPS,2,,60.00,0.93,1.32,297.00,357.35,,,,,,2018-02-28
KOTHAGUDEM TPS,3,L,60.00,0.93,0.00,297.00,52.26,,60.0,20/05/2017 05:23,,C&I PROBLEM,2018-02-28
KOTHAGUDEM TPS,4,,60.00,0.93,1.35,298.00,360.76,,,,,,2018-02-28
KOTHAGUDEM TPS,5,,120.00,1.86,2.38,594.00,645.25,,,,,,2018-02-28
KOTHAGUDEM TPS,6,,120.00,2.04,1.99,587.00,587.04,,,,,,2018-02-28
KOTHAGUDEM TPS,7,P,120.00,2.14,0.00,678.00,599.50,,120.0,13/02/2018 16:22,,"BOILER OVERHAUL/ ANNUALMAINTENANCE",2018-02-28
KOTHAGUDEM TPS,8,,120.00,1.86,2.02,594.00,558.64,,,,,,2018-02-28
KOTHAGUDEM TPS (NEW),1,,250.00,4.57,6.06,1459.00,1518.28,,,,,,2018-02-28
KOTHAGUDEM TPS (NEW),2,,250.00,4.39,5.98,1465.00,1714.21,,,,,,2018-02-28
KOTHAGUDEM TPS (NEW),3,,500.00,9.43,12.08,3007.00,3165.43,,,,,,2018-02-28
RAMAGUNDEM - B TPS,1,,62.50,1.25,1.33,402.00,434.65,,,,,,2018-02-28
SINGARENI TPP,1,,600.00,8.21,13.54,2746.00,4196.89,,,,,,2018-02-28
SINGARENI TPP,2,,600.00,6.86,13.59,2284.00,4525.81,,,,,,2018-02-28
LOWER JURALA HPS,,,240.00,0.36,0.00,120.00,205.80,,,,,,2018-02-28
LOWER SILERU  HPS,,,460.00,3.82,4.65,982.00,977.03,115.0,,,,,2018-02-28
NAGARJUN SGR  HPS,,,815.60,2.29,1.60,1300.00,149.10,,,,,,2018-02-28
NAGARJUN SGR  LBC  HPS,,,60.00,0.07,0.00,64.00,12.83,30.0,,,,,2018-02-28
POCHAMPAD  HPS,,,36.00,0.21,0.34,63.00,31.37,27.0,,,,,2018-02-28
PRIYADARSHNI  JURALA  HPS,,,234.00,0.07,0.00,180.00,217.40,,,,,,2018-02-28
PULICHINTALA HPS,,,90.00,0.07,0.00,159.00,6.60,,,,,,2018-02-28
SRISAILAM LB  HPS,,,900.00,2.93,1.36,1255.00,772.09,,,,,,2018-02-28
RAMAGUNDEM STPS,1,,200.0,4.32,4.62,1358.00,1336.19,,,,,,2018-02-28
RAMAGUNDEM STPS,2,,200.0,4.54,4.57,1353.00,1249.74,,,,,,2018-02-28
RAMAGUNDEM STPS,3,,200.0,4.07,4.56,1366.00,1221.98,,,,,,2018-02-28
RAMAGUNDEM STPS,4,S,500.0,11.32,0.00,3380.00,2967.90,,500.0,27/02/2018 07:06,,WATER WALL TUBE LEAKAGE,2018-02-28
RAMAGUNDEM STPS,5,,500.0,10.21,12.06,3416.00,3384.66,,,,,,2018-02-28
RAMAGUNDEM STPS,6,,500.0,10.21,12.10,3416.00,3447.66,,,,,,2018-02-28
RAMAGUNDEM STPS,7,,500.0,10.21,12.20,3416.00,3481.36,,,,,,2018-02-28
AND. NICOBAR DG,,,40.05,0.54,0.27,182.00,207.41,,,,,,2018-02-28
BARAUNI TPS,,,460.00,1.18,0.00,363.00,36.04,460.0,,,,,2018-02-28
BARAUNI TPS,6,P,105.0,0.32,0.00,89.00,0.00,,105.0,17/03/2012 13:,,R AND M / REFURBISHMENT,2018-02-28
BARAUNI TPS,6,P,105.00,0.32,0.00,89.00,0.00,,105.0,15,,WORKS,2018-02-28
BARAUNI TPS,7,L,105.00,0.86,0.00,274.00,36.04,,105.0,07/05/2017 07:26,,WATER WALL TUBE LEAKAGE,2018-02-28
BARAUNI TPS,8,L,250.00,0.00,0.00,0.00,0.00,,250.0,11/01/2018 02:13,,NON STABLISED UNIT,2018-02-28
BARAUNI TPS,9,,0.00,0.00,0.00,0.00,0.00,,,,,,2018-02-28
BARH I,1,,0.00,0.00,0.00,0.00,0.00,,,,,unit not yet commissioned,2018-02-28
BARH II,,,1320.00,21.47,31.44,6831.00,8331.84,4,,,,,2018-02-28
BARH II,4,,660.00,10.29,15.79,3428.00,4474.49,,,,,,2018-02-28
BARH II,5,,660.00,11.18,15.65,3403.00,3857.35,,,,,,2018-02-28
KAHALGAON TPS,1,,210.00,4.18,4.65,1253.00,1181.44,,,,,,2018-02-28
KAHALGAON TPS,2,,210.00,4.00,4.44,1256.00,1410.47,,,,,,2018-02-28
KAHALGAON TPS,3,,210.00,3.79,4.58,1264.00,1423.97,,,,,,2018-02-28
KAHALGAON TPS,4,,210.00,4.18,4.81,1253.00,1279.16,,,,,,2018-02-28
KAHALGAON TPS,5,,500.00,9.00,11.79,3006.00,3346.01,,,,,,2018-02-28
KAHALGAON TPS,6,,500.00,9.96,11.70,2981.00,2919.71,,,,,,2018-02-28
KAHALGAON TPS,7,,500.00,9.00,11.94,3006.00,3305.13,,,,,,2018-02-28
MUZAFFARPUR TPS,1,S,110.00,1.36,0.00,457.00,433.48,,110.0,25/02/2018 07:46,,C.W. PUMP PROBLEM,2018-02-28
MUZAFFARPUR TPS,2,L,110.00,1.50,0.00,454.00,276.73,,110.0,04/02/2018 00:00,,WATER WALL TUBE LEAKAGE,2018-02-28
MUZAFFARPUR TPS,3,,195.00,0.96,3.41,321.00,405.11,,,,,,2018-02-28
MUZAFFARPUR TPS,4,,195.00,0.79,3.49,124.00,420.90,,,,,,2018-02-28
NABI NAGAR TPP,1,,250.00,4.64,3.99,1555.00,731.85,,,,,,2018-02-28
NABI NAGAR TPP,2,L,250.00,4.43,0.00,664.00,168.26,,250.0,30/11/2017 20:23,,RSD/LOW SCHEDULE,2018-02-28
NABI NAGAR TPP,3,,0.00,0.00,0.00,0.00,0.00,,,,,,2018-02-28
NABI NAGAR TPP,4,,0.00,0.00,0.00,0.00,0.00,,,,,unit not yet commissioned,2018-02-28
NEW NABI NAGAR TPP,1,,0.00,0.00,0.00,0.00,0.00,,,,,unit not yet commissioned,2018-02-28
TENUGHAT TPS,1,,210.00,3.14,3.84,1002.00,873.75,,,,,,2018-02-28
TENUGHAT TPS,2,L,210.00,3.14,0.00,1002.00,821.77,,210.0,09/02/2018 15:03,,"ELECTRICAL MISCELLANEOUSPROBLEMS",2018-02-28
SUBERNREKHA  HPS.,,,130.00,0.36,0.52,142.00,188.65,,,,,,2018-02-28
JOJOBERA TPS,,,240.00,4.58,4.52,1524.00,1486.50,0.0,,,,,2018-02-28
JOJOBERA TPS,2,,120.00,2.29,2.11,762.00,743.00,,,,,,2018-02-28
JOJOBERA TPS,3,,120.00,2.29,2.41,762.00,743.50,,,,,,2018-02-28
JOJOBERA TPS,4,,0.00,0.00,0.00,0.00,0.00,,0.0,,,,2018-02-28
MAHADEV PRASAD STPP,1,,270.00,4.64,6.51,1555.00,1892.91,,,,,,2018-02-28
MAHADEV PRASAD STPP,2,L,270.00,4.64,0.00,1555.00,803.77,,270.0,07/09/2017 06:02,,ROTOR/ ROTOR EARTH FAULT,2018-02-28
MAITHON RB TPP,1,S,525.00,11.07,0.00,3342.00,2797.30,,525.0,27/02/2018 13:36,,BOILER MISC. PROBLEM,2018-02-28
MAITHON RB TPP,2,,525.00,10.11,12.49,3373.00,3824.89,,,,,,2018-02-28
MAITRISHI USHA TPS,1,,0.00,0.00,0.00,0.00,0.00,,,,,unit not yet commissioned,2018-02-28
MAITRISHI USHA TPS,2,,0.00,0.00,0.00,0.00,0.00,,,,,unit not yet commissioned,2018-02-28
BOKARO `B` TPS,1,L,0.00,1.50,0.00,504.00,25.23,,0.0,18/05/2017 15:58,,WATER WALL TUBE LEAKAGE,2018-02-28
BOKARO `B` TPS,2,L,0.00,1.50,0.00,504.00,167.77,,0.0,20/06/2017 05:52,,RSD/LOW SCHEDULE,2018-02-28
BOKARO `B` TPS,3,,210.00,1.54,4.00,477.00,282.43,,,,,,2018-02-28
BOKARO TPS `A` EXP,1,,500.00,6.14,11.99,2057.00,2631.36,,,,,,2018-02-28
CHANDRAPURA(DVC) TPS,,,630.00,12.32,10.48,3938.00,3736.64,1,130.00,,,,2018-02-28
CHANDRAPURA(DVC) TPS,2,L,0.0,1.57,0.00,493.00,109.32,,0.0,01/06/2017 21:36,,TURBINE VIBRATIONS HIGH,2018-02-28
CHANDRAPURA(DVC) TPS,3,L,130.0,1.57,0.00,501.00,211.79,,130.0,18/08/2017 04:35,,WATER WALL TUBE LEAKAGE,2018-02-28
CHANDRAPURA(DVC) TPS,7,,250.0,4.68,5.30,1566.00,1734.57,,,,,,2018-02-28
CHANDRAPURA(DVC) TPS,8,,250.0,4.50,5.18,1378.00,1680.96,,,,,,2018-02-28
KODARMA TPP,1,,500.0,7.36,11.63,2453.00,2245.81,,,,,,2018-02-28
KODARMA TPP,2,,500.0,7.36,11.63,2267.00,2990.19,,,,,,2018-02-28
PATRATU TPS,,,0.00,2.54,0.00,1202.00,0.00,0.00,,,,,2018-02-28
PATRATU TPS,4,L,0.0,0.00,0.00,100.00,0.00,,0.0,12/11/2016 06:11,,"VINTAGE UNIT WITHDRAWN ANDCLOSED FOR OPERATION",2018-02-28
PATRATU TPS,6,L,0.0,0.00,0.00,250.00,0.00,,0.0,11/08/2015 16:25,,"VINTAGE UNIT WITHDRAWN ANDCLOSED FOR OPERATION",2018-02-28
PATRATU TPS,7,L,0.0,0.00,0.00,0.00,0.00,,0.0,30/09/2010 09:55,,"VINTAGE UNIT WITHDRAWN ANDCLOSED FOR OPERATION",2018-02-28
PATRATU TPS,9,L,0.0,1.25,0.00,421.00,0.00,,0.0,10/08/2006 19:55,,"VINTAGE UNIT WITHDRAWN ANDCLOSED FOR OPERATION",2018-02-28
PATRATU TPS,10,L,0.0,1.29,0.00,431.00,0.00,,0.0,23/01/2017 09:32,,"VINTAGE UNIT WITHDRAWN ANDCLOSED FOR OPERATION",2018-02-28
MAITHON  HPS.,,,63.20,0.18,0.06,108.00,107.37,,,,,,2018-02-28
PANCHET  HPS.,,,80.00,0.11,0.63,118.00,135.10,,,,,,2018-02-28
IB VALLEY TPS,1,,210.0,4.50,4.18,1411.00,1307.48,,,,,,2018-02-28
IB VALLEY TPS,2,,210.0,4.54,4.10,1358.00,1236.48,,,,,,2018-02-28
IB VALLEY TPS,3,,0.0,0.00,0.00,0.00,0.00,,,,,unit not yet commissioned,2018-02-28
BALIMELA  HPS.,,,510.00,1.57,1.64,1125.00,1418.47,195.00,,,,,2018-02-28
CHIPLIMA HPS,,,72.00,0.61,0.41,284.00,232.33,24.00,,,,,2018-02-28
HIRAKUD HPS,,,275.50,0.82,0.88,657.00,590.05,107.00,,,,,2018-02-28
MACHKUND  HPS,,,114.75,1.36,1.26,442.00,420.38,59.50,,,,,2018-02-28
RENGALI  HPS.,,,250.00,0.61,0.79,669.00,707.61,100.00,,,,,2018-02-28
UPPER  INDRAVATI  HPS.,,,600.00,4.32,5.14,1814.00,1624.26,,,,,,2018-02-28
UPPER KOLAB  HPS.,,,320.00,1.93,1.90,773.00,645.40,80.00,,,,,2018-02-28
DERANG TPP,1,*,600.0,9.04,0.00,3019.00,953.22,,600.0,30/12/2017 23:01,"28/02/201815.38.00","ASH HANDLING SYSTEMPROBLEM",2018-02-28
DERANG TPP,2,,600.0,9.04,10.96,3019.00,2149.00,,,,,,2018-02-28
ICCL IMP,,,0.00,0.79,0.37,266.00,287.53,,,,,,2018-02-28
ICCL IMP,2,,0.0,0.79,0.37,266.00,287.53,,,,,,2018-02-28
KAMALANGA TPS,1,,350.0,5.46,7.72,1829.00,1152.52,,,,,,2018-02-28
KAMALANGA TPS,2,,350.0,5.89,8.05,1814.00,2069.17,,,,,,2018-02-28
KAMALANGA TPS,3,,350.0,5.46,7.09,1829.00,1736.47,,,,,,2018-02-28
LANCO BABANDH TPP,1,,0.0,0.00,0.00,0.00,0.00,,,,,,2018-02-28
NALCO IMP,1,,0.0,0.68,0.57,229.00,262.29,,,,,,2018-02-28
STERLITE TPP,1,L,600.0,0.00,0.00,0.00,0.00,,600.0,15/12/2016 23:53,,"out from installed capacity/plfcalculation",2018-02-28
STERLITE TPP,2,,600.0,8.21,5.93,2745.00,706.60,,,,,,2018-02-28
STERLITE TPP,3,L,0.0,0.00,0.00,0.00,0.00,,0.0,01/03/2017 00:00,,"out from installed capacity/plfcalculation",2018-02-28
STERLITE TPP,4,L,0.0,0.00,0.00,0.00,0.00,,0.0,01/03/2017 00:00,,"out from installed capacity/plfcalculation",2018-02-28
UTKAL TPP (IND BARATH),1,L,350.0,0.00,0.00,0.00,0.00,,350.0,29/02/2016 00:13,,TRANSMISSION CONSTRAINTS,2018-02-28
UTKAL TPP (IND BARATH),2,,0.0,0.00,0.00,0.00,0.00,,,,,unit not yet commissioned,2018-02-28
TALCHER (OLD) TPS,1,,60.0,1.39,1.51,419.00,474.09,,,,,,2018-02-28
TALCHER (OLD) TPS,2,,60.0,1.32,1.50,423.00,468.00,,,,,,2018-02-28
TALCHER (OLD) TPS,3,S,60.00,1.32,0.60,423.00,462.86,,60.0,28/02/2018 10:02,,WATER WALL TUBE LEAKAGE,2018-02-28
TALCHER (OLD) TPS,4,,60.00,1.32,1.50,423.00,470.03,,,,,,2018-02-28
TALCHER (OLD) TPS,5,,110.00,2.64,2.66,791.00,719.97,,,,,,2018-02-28
TALCHER (OLD) TPS,6,,110.00,2.54,2.67,796.00,837.88,,,,,,2018-02-28
TALCHER STPS,1,,500.00,11.04,12.39,3409.00,3206.49,,,,,,2018-02-28
TALCHER STPS,2,,500.00,10.29,12.09,3428.00,3723.42,,,,,,2018-02-28
TALCHER STPS,3,,500.00,11.71,12.10,3387.00,3207.69,,,,,,2018-02-28
TALCHER STPS,4,,500.00,11.71,12.01,3387.00,3202.49,,,,,,2018-02-28
TALCHER STPS,5,,500.00,10.29,12.03,3428.00,3712.35,,,,,,2018-02-28
TALCHER STPS,6,,500.00,10.29,12.17,3428.00,3698.14,,,,,,2018-02-28
TEESTA-III HPS,,,1200.00,5.11,4.40,5009.00,4267.08,200.0,,,,,2018-02-28
CHUZACHEN HPS,,,110.00,0.36,0.24,483.00,433.65,55.0,,,,,2018-02-28
DIKCHU HPS,,,96.00,0.00,0.20,0.00,361.96,,,,,,2018-02-28
JORETHANG LOOP,,,96.00,0.36,0.33,448.00,396.10,,,,,,2018-02-28
TASHIDING HPS,,,97.00,0.36,0.35,389.00,62.09,,,,,,2018-02-28
RANGIT HPS,,,60.00,0.43,0.38,327.00,333.08,20.0,,,,,2018-02-28
TEESTA V HPS,,,510.00,1.21,3.00,2240.00,2715.41,,,,,,2018-02-28
BAKRESWAR TPS,1,,210.00,4.57,4.98,1358.00,1197.26,,,,,,2018-02-28
BAKRESWAR TPS,2,,210.0,4.11,5.13,1369.00,1472.25,,,,,,2018-02-28
BAKRESWAR TPS,3,,210.0,4.11,5.12,1369.00,1349.01,,,,,,2018-02-28
BAKRESWAR TPS,4,,210.0,4.36,5.12,1365.00,1301.89,,,,,,2018-02-28
BAKRESWAR TPS,5,,210.0,4.36,5.12,1364.00,1419.55,,,,,,2018-02-28
BANDEL TPS,1,,60.0,0.46,1.27,159.00,235.40,,,,,,2018-02-28
BANDEL TPS,2,,60.0,0.00,0.92,95.00,239.62,,,,,,2018-02-28
BANDEL TPS,3,L,60.0,0.46,0.00,116.00,69.89,,60.0,14/10/2017 05:45,,SUPER HEATER TUBE LEAKAGE,2018-02-28
BANDEL TPS,4,L,60.0,0.64,0.00,135.00,91.01,,60.0,01/12/2017 05:36,,"MISC. SHORT DURATIONMAINTENANCE WORKS",2018-02-28
BANDEL TPS,5,,210.0,3.36,4.46,1026.00,1116.38,,,,,,2018-02-28
D.P.L. TPS,,,660.00,6.89,2.49,2185.00,2265.87,9,660.00,,,,2018-02-28
D.P.L. TPS,6,L,110.0,0.00,0.00,0.00,1.99,,110.0,05/11/2017 15:43,,"ELECTRICAL MISCELLANEOUSPROBLEMS",2018-02-28
D.P.L. TPS,7,S,300.0,3.46,2.49,1092.00,1372.86,,300.0,28/02/2018 12:02,"04/03/201800.00.00",BOILER MISC. PROBLEM,2018-02-28
D.P.L. TPS,8,L,250.0,3.43,0.00,1093.00,891.02,,250.0,12/12/2017 18:15,,"ELECTRICAL MISCELLANEOUSPROBLEMS",2018-02-28
KOLAGHAT TPS,1,,210.0,2.11,3.31,686.00,848.66,,,,,,2018-02-28
KOLAGHAT TPS,2,,210.0,2.21,3.00,700.00,515.48,,,,,,2018-02-28
KOLAGHAT TPS,3,L,210.0,2.61,0.00,359.00,0.00,,210.0,22/02/2017 05:05,,POLLUTION PROBLEM,2018-02-28
KOLAGHAT TPS,4,P,210.0,2.85,0.00,901.00,1065.39,,210.0,02/02/2018 12:50,,"BOILER OVERHAUL/ ANNUALMAINTENANCE",2018-02-28
KOLAGHAT TPS,5,,210.0,4.07,4.90,1330.00,1379.12,,,,,,2018-02-28
KOLAGHAT TPS,6,,210.0,3.93,4.91,1068.00,416.68,,,,,,2018-02-28
SAGARDIGHI TPS,1,S,300.0,3.75,0.00,1234.00,1246.16,,300.0,15/02/2018 10:23,,WATER WALL TUBE LEAKAGE,2018-02-28
SAGARDIGHI TPS,2,,300.0,4.25,7.04,1269.00,1465.08,,,,,,2018-02-28
SAGARDIGHI TPS,3,,500.0,4.64,9.54,1555.00,1704.46,,,,,,2018-02-28
SAGARDIGHI TPS,4,,500.0,2.89,7.34,960.00,1279.60,,,,,,2018-02-28
SANTALDIH TPS,,,500.00,11.46,12.03,3646.00,2590.32,5,,,,,2018-02-28
SANTALDIH TPS,5,,250.0,5.75,6.00,1773.00,679.54,,,,,,2018-02-28
SANTALDIH TPS,6,,250.0,5.71,6.03,1873.00,1910.78,,,,,,2018-02-28
HALDIA GT (Liq.),,,40.00,0.0,0.00,0.00,0.00,40.00,,,,,2018-02-28
KASBA GT (Liq.),,,40.00,0.0,0.00,0.00,0.00,40.00,,,,,2018-02-28
JALDHAKA  HPS ST-I,,,36.00,0.18,0.25,152.00,136.00,27.00,,,,,2018-02-28
PURULIA PSS  HPS.,,,900.00,3.57,4.05,1100.00,939.79,,,,,,2018-02-28
RAMMAM  HPS.,,,50.00,0.29,0.26,230.00,114.15,25.00,,,,,2018-02-28
BUDGE BUDGE TPS,1,,250.0,5.54,5.59,1729.00,1924.31,,,,,,2018-02-28
BUDGE BUDGE TPS,2,,250.0,5.32,5.53,1736.00,1734.61,,,,,,2018-02-28
BUDGE BUDGE TPS,3,,250.0,5.32,6.18,1736.00,1851.04,,,,,,2018-02-28
CHINAKURI TPS,1,,0.0,0.00,0.00,0.00,0.00,,0.0,,,,2018-02-28
CHINAKURI TPS,2,,0.0,0.00,0.00,0.00,0.00,,0.0,,,,2018-02-28
CHINAKURI TPS,3,,0.0,0.00,0.00,0.00,0.00,,0.0,,,,2018-02-28
HALDIA TPP,1,,300.0,6.00,7.08,1914.00,2012.73,,,,,,2018-02-28
HALDIA TPP,2,,300.0,5.75,6.41,1921.00,2084.36,,,,,,2018-02-28
INDIA POWER TPP (HALDIA),1,L,150.0,0.00,0.00,0.00,27.48,,150.0,02/12/2017 05:07,,NON STABLISED UNIT,2018-02-28
INDIA POWER TPP (HALDIA),2,,0.0,0.00,0.00,0.00,0.00,,,,,unit not yet commissioned,2018-02-28
INDIA POWER TPP (HALDIA),3,,0.0,0.00,0.00,0.00,0.00,,,,,unit not yet commissioned,2018-02-28
INDIA POWER TPP (HALDIA),1,L,67.5,0.50,0.00,160.00,109.98,,67.5,19/01/2018 21:33,,RSD/LOW SCHEDULE,2018-02-28
INDIA POWER TPP (HALDIA),2,,67.5,0.50,0.00,161.00,154.45,,,24/01/2018 21:42,,RSD/LOW SCHEDULE,2018-02-28
TITAGARH TPS,1,L,60.0,0.00,0.00,0.00,0.00,,60.0,10/10/2016 04:57,,"RESERVE SHUT DOWN / STANDBYUNIT",2018-02-28
TITAGARH TPS,2,L,60.0,0.00,0.00,0.00,0.00,,60.0,09/10/2016 04:57,,"RESERVE SHUT DOWN / STANDBYUNIT",2018-02-28
TITAGARH TPS,3,L,60.0,0.00,0.00,0.00,0.00,,60.0,10/10/2016 04:18,,"RESERVE SHUT DOWN / STANDBYUNIT",2018-02-28
TITAGARH TPS,4,L,60.0,0.00,0.00,0.00,0.00,,60.0,09/10/2016 05:36,,"RESERVE SHUT DOWN / STANDBYUNIT",2018-02-28
DURGAPUR STEEL TPS,1,,500.0,9.18,11.91,3063.00,2648.20,,,,,,2018-02-28
DURGAPUR STEEL TPS,2,,500.0,9.21,12.01,2836.00,3167.73,,,,,,2018-02-28
DURGAPUR TPS,,,210.00,0.93,4.36,312.00,809.11,43,,,,,2018-02-28
DURGAPUR TPS,4,,210.0,0.93,4.36,312.00,809.11,,,,,,2018-02-28
FARAKKA STPS,1,,200.0,3.93,4.27,1170.00,1180.13,,,,,,2018-02-28
FARAKKA STPS,2,,200.0,3.54,4.79,1183.00,1232.25,,,,,,2018-02-28
FARAKKA STPS,3,,200.0,3.93,4.86,1170.00,1162.36,,,,,,2018-02-28
FARAKKA STPS,4,,500.0,10.07,11.46,2909.00,3084.71,,,,,,2018-02-28
FARAKKA STPS,5,,500.0,9.18,11.96,2942.00,2769.57,,,,,,2018-02-28
FARAKKA STPS,6,,500.0,9.75,10.27,2922.00,2803.87,,,,,,2018-02-28
MEJIA TPS,1,S,210.0,2.50,0.00,790.00,1068.80,,210.0,14/02/2018 18:02,,ECONOMISER TUBE LEAKAGE,2018-02-28
MEJIA TPS,2,,210.0,2.43,4.99,810.00,993.71,,,,,,2018-02-28
MEJIA TPS,3,,210.0,2.43,5.00,761.00,1150.49,,,,,,2018-02-28
MEJIA TPS,4,,210.0,2.43,4.45,761.00,777.50,,,,,,2018-02-28
MEJIA TPS,5,L,250.0,4.00,0.00,1338.00,810.79,,250.0,22/09/2017 00:09,,WATER WALL TUBE LEAKAGE,2018-02-28
MEJIA TPS,6,,250.0,3.79,6.02,1261.00,1788.79,,,,,,2018-02-28
MEJIA TPS,7,,500.0,8.75,11.90,2781.00,3259.04,,,,,,2018-02-28
MEJIA TPS,8,,500.0,8.75,12.17,2781.00,1436.87,,,,,,2018-02-28
RAGHUNATHPUR TPP,1,S,600.0,2.75,0.00,915.00,1381.05,,600.0,27/02/2018 11:38,,BOILER MISC. PROBLEM,2018-02-28
RAGHUNATHPUR TPP,2,L,600.0,2.75,0.00,915.00,681.04,,600.0,28/12/2017 00:00,,BOILER MISC. PROBLEM,2018-02-28
TEESTA LOW DAM-III HPS,,,132.00,0.54,0.47,520.00,371.19,,,,,,2018-02-28
TEESTA LOW DAM-IV HPS,,,160.00,0.82,0.76,696.00,475.35,,,,,,2018-02-28
KAMENG HPS,,,0.00,4.11,0.00,413.00,0.00,,,,,,2018-02-28
PARE,,,0.00,0.75,0.00,193.00,0.00,,,,,,2018-02-28
RANGANADI  HPS.,,,405.00,1.11,1.25,1150.00,1365.90,,,,,,2018-02-28
RANGANADI  HPS.,1,L,0.0,0.00,0.00,0.00,0.00,,0.0,07/05/1999 07:00,,UNECONOMICAL OPERATION,2018-02-28
RANGANADI  HPS.,2,L,0.0,0.00,0.00,0.00,0.00,,0.0,16/06/1999 23:20,,UNECONOMICAL OPERATION,2018-02-28
LAKWA GT,,,127.20,2.43,1.36,808.00,616.67,35.00,,,,,2018-02-28
NAMRUP CCPP,,,161.25,0.97,0.89,303.00,299.61,0.00,,,,,2018-02-28
KARBI LANGPI  HPS.,,,100.00,0.18,0.55,384.00,472.80,,,,,,2018-02-28
BONGAIGAON TPP,1,,250.0,4.39,5.21,1465.00,897.94,,,,,,2018-02-28
BONGAIGAON TPP,2,,250.0,2.79,5.30,164.00,536.79,,,,,,2018-02-28
BONGAIGAON TPP,3,,0.0,0.00,0.00,0.00,0.00,,,,,unit not yet commissioned,2018-02-28
KATHALGURI CCPP,,,291.00,4.74,4.20,1583.00,1473.36,,,,,,2018-02-28
KOPILI  HPS.,,,225.00,0.82,1.21,912.00,1139.59,50.00,,,,,2018-02-28
LEIMAKHONG DG,,,36.0,0.00,0.00,0.00,0.00,,,,,,2018-02-28
LOKTAK  HPS.,,,105.0,1.14,0.96,580.00,795.82,,,,,,2018-02-28
KYRDEMKULAI  HPS.,,,60.0,0.32,0.29,123.00,120.67,,,,,,2018-02-28
MYNTDU(LESHKA) St-1 HPS,,,126.0,0.18,0.00,423.00,499.42,,,,,,2018-02-28
NEW UMTRU HPS,,,40.0,0.21,0.36,54.00,152.82,,,,,,2018-02-28
UMIAM  HPS ST-I,,,36.0,0.25,0.33,103.00,119.84,,,,,,2018-02-28
UMIAM HPS ST-IV,,,60.0,0.39,0.38,183.00,204.88,,,,,,2018-02-28
KHONDONG  HPS.,,,50.0,0.14,0.00,177.00,255.95,50.0,,,,,2018-02-28
TUIRIAL HPS,,,60.0,0.50,0.00,105.00,73.47,,,,,,2018-02-28
DOYANG  HPS.,,,75.0,0.14,0.14,224.00,271.44,25.0,,,,,2018-02-28
BARAMURA GT,,,58.5,0.57,0.50,187.00,162.51,,,,,,2018-02-28
ROKHIA GT,,,111.00,1.04,1.04,356.00,377.19,16.0,,,,,2018-02-28
AGARTALA GT,,,135.00,2.64,1.87,893.00,636.48,21.0,,,,,2018-02-28
MONARCHAK CCPP,,,101.00,0.00,2.00,0.00,614.23,,,,,,2018-02-28
null,,,0.00,5.58,1.97,4859.00,4857.72,,,,,,2018-02-28
CHUKHA,,,0.00,2.43,0.43,1183.00,1664.97,,,,,,2018-02-28
KURICHU,,,0.00,0.29,0.56,262.00,369.46,,,,,,2018-02-28
TALA,,,0.00,2.86,0.98,3414.00,2823.29,,,,,,2018-02-28
